1.00000E-11     2.8769380
3.00000E-11     2.8769380
1.00000E-09     2.8769380
1.10000E-09     2.8769380
2.10190E-08     2.8749530
4.10380E-08     2.8727470
6.10570E-08     2.8703330
8.10760E-08     2.8677700
1.01095E-07     2.8650940
1.21114E-07     2.8623650
1.41133E-07     2.8596870
1.61152E-07     2.8571320
1.81171E-07     2.8548170
2.01190E-07     2.8528140
2.21209E-07     2.8512010
2.41228E-07     2.8500180
2.61247E-07     2.8493180
2.81266E-07     2.8490840
3.01285E-07     2.8492340
3.21304E-07     2.8496810
3.41323E-07     2.8503450
3.61342E-07     2.8511790
3.81361E-07     2.8521510
4.01380E-07     2.8532490
4.21399E-07     2.8544310
4.41418E-07     2.8556520
4.61437E-07     2.8568990
4.81456E-07     2.8581390
5.01475E-07     2.8593680
5.21494E-07     2.8605380
5.41514E-07     2.8617050
5.61533E-07     2.8628040
5.81552E-07     2.8638660
6.01571E-07     2.8648660
6.21590E-07     2.8658290
6.41609E-07     2.8667570
6.61628E-07     2.8676050
6.81647E-07     2.8684230
7.01666E-07     2.8692320
7.21685E-07     2.8699370
7.41704E-07     2.8706350
7.61723E-07     2.8713160
7.81742E-07     2.8719120
8.01761E-07     2.8725000
8.21780E-07     2.8730780
8.41799E-07     2.8735840
8.61818E-07     2.8741250
8.81837E-07     2.8745720
9.01856E-07     2.8750440
9.21875E-07     2.8754620
9.41894E-07     2.8758680
9.61913E-07     2.8762660
9.81932E-07     2.8766210
1.00195E-06     2.8769930
1.02197E-06     2.8773100
1.04199E-06     2.8776400
1.06201E-06     2.8779420
1.08203E-06     2.8782330
1.10205E-06     2.8785010
1.12207E-06     2.8787310
1.14208E-06     2.8789790
1.16210E-06     2.8792340
1.18212E-06     2.8794920
1.20214E-06     2.8796980
1.22216E-06     2.8798870
1.24218E-06     2.8800920
1.26220E-06     2.8803000
1.28222E-06     2.8805080
1.30224E-06     2.8806610
1.32226E-06     2.8808210
1.34227E-06     2.8809900
1.36229E-06     2.8811610
1.38231E-06     2.8813170
1.40233E-06     2.8814440
1.42235E-06     2.8815810
1.44237E-06     2.8817210
1.46239E-06     2.8818620
1.48241E-06     2.8819800
1.50243E-06     2.8820870
1.52245E-06     2.8822050
1.54246E-06     2.8823240
1.56248E-06     2.8824430
1.58250E-06     2.8825360
1.60252E-06     2.8826290
1.62254E-06     2.8827210
1.64256E-06     2.8828260
1.66258E-06     2.8829240
1.68260E-06     2.8830020
1.70262E-06     2.8830810
1.72264E-06     2.8831590
1.74265E-06     2.8832380
1.76267E-06     2.8833010
1.78269E-06     2.8833540
1.80271E-06     2.8834070
1.82273E-06     2.8834660
1.84275E-06     2.8835310
1.86277E-06     2.8835960
1.88279E-06     2.8836620
1.90281E-06     2.8837280
1.92283E-06     2.8837940
1.94284E-06     2.8838530
1.96286E-06     2.8838940
1.98288E-06     2.8839340
2.00290E-06     2.8839760
2.02292E-06     2.8840280
2.04294E-06     2.8840800
2.06296E-06     2.8841310
2.08298E-06     2.8841830
2.10300E-06     2.8842260
2.12302E-06     2.8842570
2.14304E-06     2.8842870
2.16305E-06     2.8843180
2.18307E-06     2.8843480
2.20309E-06     2.8843820
2.22311E-06     2.8844170
2.24313E-06     2.8844440
2.26315E-06     2.8844580
2.28317E-06     2.8844740
2.30319E-06     2.8844990
2.32321E-06     2.8845240
2.34323E-06     2.8845490
2.36324E-06     2.8845730
2.38326E-06     2.8845970
2.40328E-06     2.8846210
2.42330E-06     2.8846450
2.44332E-06     2.8846690
2.46334E-06     2.8846920
2.48336E-06     2.8847040
2.50338E-06     2.8847110
2.52340E-06     2.8847170
2.54342E-06     2.8847240
2.56343E-06     2.8847300
2.58345E-06     2.8847440
2.60347E-06     2.8847570
2.62349E-06     2.8847710
2.64351E-06     2.8847840
2.66353E-06     2.8847970
2.68355E-06     2.8848100
2.70357E-06     2.8848220
2.72359E-06     2.8848340
2.74361E-06     2.8848470
2.76362E-06     2.8848490
2.78364E-06     2.8848480
2.80366E-06     2.8848460
2.82368E-06     2.8848430
2.84370E-06     2.8848410
2.86372E-06     2.8848440
2.88374E-06     2.8848480
2.90376E-06     2.8848510
2.92378E-06     2.8848540
2.94380E-06     2.8848560
2.96381E-06     2.8848590
2.98383E-06     2.8848610
3.00385E-06     2.8848630
3.02387E-06     2.8848640
3.04389E-06     2.8848590
3.06391E-06     2.8848500
3.08393E-06     2.8848410
3.10395E-06     2.8848310
3.12397E-06     2.8848210
3.14399E-06     2.8848160
3.16401E-06     2.8848120
3.18402E-06     2.8848060
3.20404E-06     2.8848010
3.22406E-06     2.8847950
3.24408E-06     2.8847890
3.26410E-06     2.8847820
3.28412E-06     2.8847760
3.30414E-06     2.8847690
3.32416E-06     2.8847570
3.34418E-06     2.8847410
3.36420E-06     2.8847250
3.38421E-06     2.8847080
3.40423E-06     2.8846910
3.42425E-06     2.8846790
3.44427E-06     2.8846680
3.46429E-06     2.8846560
3.48431E-06     2.8846440
3.50433E-06     2.8846320
3.52435E-06     2.8846190
3.54437E-06     2.8846070
3.56439E-06     2.8845930
3.58440E-06     2.8845800
3.60442E-06     2.8845660
3.62444E-06     2.8845520
3.64446E-06     2.8845360
3.66448E-06     2.8845100
3.68450E-06     2.8844840
3.70452E-06     2.8844600
3.72454E-06     2.8844360
3.74456E-06     2.8844120
3.76458E-06     2.8843870
3.78459E-06     2.8843620
3.80461E-06     2.8843360
3.82463E-06     2.8843110
3.84465E-06     2.8842840
3.86467E-06     2.8842580
3.88469E-06     2.8842340
3.90471E-06     2.8842140
3.92473E-06     2.8841930
3.94475E-06     2.8841730
3.96477E-06     2.8841510
3.98478E-06     2.8841300
4.00480E-06     2.8841080
4.02482E-06     2.8840860
4.04484E-06     2.8840640
4.06486E-06     2.8840400
4.08488E-06     2.8840040
4.10490E-06     2.8839680
4.12492E-06     2.8839320
4.14494E-06     2.8838950
4.16496E-06     2.8838580
4.18497E-06     2.8838200
4.20499E-06     2.8837820
4.22501E-06     2.8837430
4.24503E-06     2.8837050
4.26505E-06     2.8836680
4.28507E-06     2.8836310
4.30509E-06     2.8835940
4.32511E-06     2.8835570
4.34513E-06     2.8835190
4.36515E-06     2.8834810
4.38517E-06     2.8834420
4.40518E-06     2.8834030
4.42520E-06     2.8833630
4.44522E-06     2.8833260
4.46524E-06     2.8832930
4.48526E-06     2.8832590
4.50528E-06     2.8832250
4.52530E-06     2.8831900
4.54532E-06     2.8831550
4.56534E-06     2.8831200
4.58536E-06     2.8830790
4.60537E-06     2.8830290
4.62539E-06     2.8829780
4.64541E-06     2.8829270
4.66543E-06     2.8828750
4.68545E-06     2.8828230
4.70547E-06     2.8827710
4.72549E-06     2.8827180
4.74551E-06     2.8826650
4.76553E-06     2.8826110
4.78555E-06     2.8825570
4.80556E-06     2.8825020
4.82558E-06     2.8824490
4.84560E-06     2.8823970
4.86562E-06     2.8823440
4.88564E-06     2.8822910
4.90566E-06     2.8822370
4.92568E-06     2.8821830
4.94570E-06     2.8821290
4.96572E-06     2.8820740
4.98574E-06     2.8820180
5.00575E-06     2.8819590
5.02577E-06     2.8818920
5.04579E-06     2.8818240
5.06581E-06     2.8817560
5.08583E-06     2.8816880
5.10585E-06     2.8816190
5.12587E-06     2.8815500
5.14589E-06     2.8814800
5.16591E-06     2.8814100
5.18593E-06     2.8813400
5.20594E-06     2.8812690
5.22596E-06     2.8811980
5.24598E-06     2.8811260
5.26600E-06     2.8810550
5.28602E-06     2.8809850
5.30604E-06     2.8809150
5.32606E-06     2.8808450
5.34608E-06     2.8807740
5.36610E-06     2.8806930
5.38612E-06     2.8806000
5.40614E-06     2.8805080
5.42615E-06     2.8804180
5.44617E-06     2.8803270
5.46619E-06     2.8802360
5.48621E-06     2.8801440
5.50623E-06     2.8800520
5.52625E-06     2.8799600
5.54627E-06     2.8798670
5.56629E-06     2.8797740
5.58631E-06     2.8796830
5.60633E-06     2.8795920
5.62634E-06     2.8795010
5.64636E-06     2.8794100
5.66638E-06     2.8793180
5.68640E-06     2.8792260
5.70642E-06     2.8791340
5.72644E-06     2.8790280
5.74646E-06     2.8789150
5.76648E-06     2.8788010
5.78650E-06     2.8786870
5.80652E-06     2.8785720
5.82653E-06     2.8784580
5.84655E-06     2.8783420
5.86657E-06     2.8782260
5.88659E-06     2.8781100
5.90661E-06     2.8779790
5.92663E-06     2.8778420
5.94665E-06     2.8777080
5.96667E-06     2.8775740
5.98669E-06     2.8774400
6.00671E-06     2.8773050
6.02672E-06     2.8771700
6.04674E-06     2.8770340
6.06676E-06     2.8768980
6.08678E-06     2.8767620
6.10680E-06     2.8766270
6.12682E-06     2.8764600
6.14684E-06     2.8762940
6.16686E-06     2.8761280
6.18688E-06     2.8759620
6.20690E-06     2.8757960
6.22691E-06     2.8756300
6.24693E-06     2.8754630
6.26695E-06     2.8753000
6.28697E-06     2.8751390
6.30699E-06     2.8749790
6.32701E-06     2.8748170
6.34703E-06     2.8746310
6.36705E-06     2.8744340
6.38707E-06     2.8742380
6.40709E-06     2.8740410
6.42711E-06     2.8738450
6.44712E-06     2.8736520
6.46714E-06     2.8734330
6.48716E-06     2.8732150
6.50718E-06     2.8729970
6.52720E-06     2.8727800
6.54722E-06     2.8725620
6.56724E-06     2.8723290
6.58726E-06     2.8720660
6.60728E-06     2.8718150
6.62730E-06     2.8715640
6.64731E-06     2.8713140
6.66733E-06     2.8710630
6.68735E-06     2.8708200
6.70737E-06     2.8705790
6.72739E-06     2.8702870
6.74741E-06     2.8699960
6.76743E-06     2.8697060
6.78745E-06     2.8694300
6.80747E-06     2.8691500
6.82749E-06     2.8688320
6.84750E-06     2.8685160
6.86752E-06     2.8682010
6.88754E-06     2.8678630
6.90756E-06     2.8675240
6.92758E-06     2.8671860
6.94760E-06     2.8668480
6.96762E-06     2.8664620
6.98764E-06     2.8660850
7.00766E-06     2.8657090
7.02768E-06     2.8653470
7.04769E-06     2.8649700
7.06771E-06     2.8645480
7.08773E-06     2.8641270
7.10775E-06     2.8637250
7.12777E-06     2.8632940
7.14779E-06     2.8628520
7.16781E-06     2.8624050
7.18783E-06     2.8619270
7.20785E-06     2.8614860
7.22787E-06     2.8609650
7.24788E-06     2.8604840
7.26790E-06     2.8600030
7.28792E-06     2.8594840
7.30794E-06     2.8589740
7.32796E-06     2.8584300
7.34798E-06     2.8578960
7.36800E-06     2.8573130
7.38802E-06     2.8567850
7.40804E-06     2.8561680
7.42806E-06     2.8556070
7.44808E-06     2.8550030
7.46809E-06     2.8543950
7.48811E-06     2.8537770
7.50813E-06     2.8531550
7.52815E-06     2.8525380
7.54817E-06     2.8519310
7.56819E-06     2.8512550
7.58821E-06     2.8505980
7.60823E-06     2.8499250
7.62825E-06     2.8492560
7.64827E-06     2.8485930
7.66828E-06     2.8479000
7.68830E-06     2.8472230
7.70832E-06     2.8466340
7.72834E-06     2.8461640
7.74836E-06     2.8457520
7.76838E-06     2.8454710
7.78840E-06     2.8452530
7.80842E-06     2.8451300
7.82844E-06     2.8450050
7.84846E-06     2.8449030
7.86847E-06     2.8448180
7.88849E-06     2.8447770
7.90851E-06     2.8446170
7.92853E-06     2.8444230
7.94855E-06     2.8443220
7.96857E-06     2.8442500
7.98859E-06     2.8442230
8.00861E-06     2.8443250
8.02863E-06     2.8445710
8.04865E-06     2.8448820
8.06866E-06     2.8452360
8.08868E-06     2.8458220
8.10870E-06     2.8464500
8.12872E-06     2.8471280
8.14874E-06     2.8478980
8.16876E-06     2.8487890
8.18878E-06     2.8497610
8.20880E-06     2.8506900
8.22882E-06     2.8518650
8.24884E-06     2.8529510
8.26885E-06     2.8541310
8.28887E-06     2.8553240
8.30889E-06     2.8565360
8.32891E-06     2.8577890
8.34893E-06     2.8590090
8.36895E-06     2.8602850
8.38897E-06     2.8614980
8.40899E-06     2.8628040
8.42901E-06     2.8640510
8.44903E-06     2.8650920
8.46905E-06     2.8663310
8.48906E-06     2.8674180
8.50908E-06     2.8683910
8.52910E-06     2.8694550
8.54912E-06     2.8703810
8.56914E-06     2.8713100
8.58916E-06     2.8721800
8.60918E-06     2.8729790
8.62920E-06     2.8736940
8.64922E-06     2.8744530
8.66924E-06     2.8751290
8.68925E-06     2.8757220
8.70927E-06     2.8762400
8.72929E-06     2.8766940
8.74931E-06     2.8771800
8.76933E-06     2.8776020
8.78935E-06     2.8779640
8.80937E-06     2.8782690
8.82939E-06     2.8785220
8.84941E-06     2.8788010
8.86943E-06     2.8790320
8.88944E-06     2.8792150
8.90946E-06     2.8793530
8.92948E-06     2.8794490
8.94950E-06     2.8795020
8.96952E-06     2.8795280
8.98954E-06     2.8795790
9.00956E-06     2.8795840
9.02958E-06     2.8795670
9.04960E-06     2.8795120
9.06962E-06     2.8794180
9.08963E-06     2.8793050
9.10965E-06     2.8791930
9.12967E-06     2.8790630
9.14969E-06     2.8789260
9.16971E-06     2.8787610
9.18973E-06     2.8785590
9.20975E-06     2.8783520
9.22977E-06     2.8781290
9.24979E-06     2.8778730
9.26981E-06     2.8776450
9.28982E-06     2.8774140
9.30984E-06     2.8771330
9.32986E-06     2.8768370
9.34988E-06     2.8765400
9.36990E-06     2.8762240
9.38992E-06     2.8758890
9.40994E-06     2.8755840
9.42996E-06     2.8752810
9.44998E-06     2.8749200
9.47000E-06     2.8745530
9.49002E-06     2.8741910
9.51003E-06     2.8738020
9.53005E-06     2.8734130
9.55007E-06     2.8730580
9.57009E-06     2.8727080
9.59011E-06     2.8722870
9.61013E-06     2.8718710
9.63015E-06     2.8714650
9.65017E-06     2.8710220
9.67019E-06     2.8705980
9.69021E-06     2.8702080
9.71022E-06     2.8698210
9.73024E-06     2.8693560
9.75026E-06     2.8689060
9.77028E-06     2.8684690
9.79030E-06     2.8680410
9.81032E-06     2.8675940
9.83034E-06     2.8671610
9.85036E-06     2.8667510
9.87038E-06     2.8662960
9.89040E-06     2.8658580
9.91041E-06     2.8654360
9.93043E-06     2.8650280
9.95045E-06     2.8646050
9.97047E-06     2.8641970
9.99049E-06     2.8637410
1.00105E-05     2.8633160
1.00305E-05     2.8629540
1.00505E-05     2.8625550
1.00706E-05     2.8621100
1.00906E-05     2.8616960
1.01106E-05     2.8613400
1.01306E-05     2.8609140
1.01506E-05     2.8605690
1.01707E-05     2.8602270
1.01907E-05     2.8598560
1.02107E-05     2.8595160
1.02307E-05     2.8591940
1.02507E-05     2.8588620
1.02708E-05     2.8585430
1.02908E-05     2.8582620
1.03108E-05     2.8579580
1.03308E-05     2.8577030
1.03508E-05     2.8574390
1.03709E-05     2.8571720
1.03909E-05     2.8569440
1.04109E-05     2.8567100
1.04309E-05     2.8564850
1.04509E-05     2.8562730
1.04709E-05     2.8560860
1.04910E-05     2.8559200
1.05110E-05     2.8557640
1.05310E-05     2.8556020
1.05510E-05     2.8554980
1.05710E-05     2.8553500
1.05911E-05     2.8552420
1.06111E-05     2.8551510
1.06311E-05     2.8550890
1.06511E-05     2.8549920
1.06711E-05     2.8549630
1.06912E-05     2.8549270
1.07112E-05     2.8548820
1.07312E-05     2.8548660
1.07512E-05     2.8548600
1.07712E-05     2.8548740
1.07913E-05     2.8549030
1.08113E-05     2.8549370
1.08313E-05     2.8549890
1.08513E-05     2.8550450
1.08713E-05     2.8551060
1.08913E-05     2.8551740
1.09114E-05     2.8552520
1.09314E-05     2.8553440
1.09514E-05     2.8554320
1.09714E-05     2.8555160
1.09914E-05     2.8556100
1.10115E-05     2.8557090
1.10315E-05     2.8558170
1.10515E-05     2.8559150
1.10715E-05     2.8560350
1.10915E-05     2.8561520
1.11116E-05     2.8562510
1.11316E-05     2.8563530
1.11516E-05     2.8564790
1.11716E-05     2.8565900
1.11916E-05     2.8566870
1.12117E-05     2.8567940
1.12317E-05     2.8569000
1.12517E-05     2.8570000
1.12717E-05     2.8570930
1.12917E-05     2.8571780
1.13117E-05     2.8572530
1.13318E-05     2.8573230
1.13518E-05     2.8573870
1.13718E-05     2.8574280
1.13918E-05     2.8574510
1.14118E-05     2.8574680
1.14319E-05     2.8574460
1.14519E-05     2.8574250
1.14719E-05     2.8573520
1.14919E-05     2.8572740
1.15119E-05     2.8571360
1.15320E-05     2.8569830
1.15520E-05     2.8567550
1.15720E-05     2.8564980
1.15920E-05     2.8561550
1.16120E-05     2.8557320
1.16321E-05     2.8552180
1.16521E-05     2.8545810
1.16721E-05     2.8537750
1.16921E-05     2.8527710
1.17121E-05     2.8514350
1.17321E-05     2.8496840
1.17522E-05     2.8475000
1.17722E-05     2.8449190
1.17922E-05     2.8421310
1.18122E-05     2.8393750
1.18322E-05     2.8367910
1.18523E-05     2.8343510
1.18723E-05     2.8321820
1.18923E-05     2.8300790
1.19123E-05     2.8280050
1.19323E-05     2.8255660
1.19524E-05     2.8230020
1.19724E-05     2.8195350
1.19924E-05     2.8150460
1.20124E-05     2.8088660
1.20324E-05     2.8004420
1.20524E-05     2.7905540
1.20725E-05     2.7815620
1.20925E-05     2.7769410
1.21125E-05     2.7792170
1.21325E-05     2.7877430
1.21525E-05     2.7997010
1.21726E-05     2.8114920
1.21926E-05     2.8220490
1.22126E-05     2.8309000
1.22326E-05     2.8380740
1.22526E-05     2.8438410
1.22727E-05     2.8484510
1.22927E-05     2.8521660
1.23127E-05     2.8551540
1.23327E-05     2.8576340
1.23527E-05     2.8596420
1.23728E-05     2.8613530
1.23928E-05     2.8627610
1.24128E-05     2.8639820
1.24328E-05     2.8650030
1.24528E-05     2.8659030
1.24728E-05     2.8666670
1.24929E-05     2.8673560
1.25129E-05     2.8679430
1.25329E-05     2.8684520
1.25529E-05     2.8689270
1.25729E-05     2.8693450
1.25930E-05     2.8697050
1.26130E-05     2.8700430
1.26330E-05     2.8703420
1.26530E-05     2.8706100
1.26730E-05     2.8708570
1.26931E-05     2.8710770
1.27131E-05     2.8712800
1.27331E-05     2.8714660
1.27531E-05     2.8716310
1.27731E-05     2.8717780
1.27932E-05     2.8719140
1.28132E-05     2.8720370
1.28332E-05     2.8721460
1.28532E-05     2.8722420
1.28732E-05     2.8723260
1.28932E-05     2.8724040
1.29133E-05     2.8724790
1.29333E-05     2.8725330
1.29533E-05     2.8725790
1.29733E-05     2.8726160
1.29933E-05     2.8726580
1.30134E-05     2.8726900
1.30334E-05     2.8726990
1.30534E-05     2.8727020
1.30734E-05     2.8727050
1.30934E-05     2.8727170
1.31135E-05     2.8727080
1.31335E-05     2.8726700
1.31535E-05     2.8726270
1.31735E-05     2.8725840
1.31935E-05     2.8725460
1.32136E-05     2.8725090
1.32336E-05     2.8724830
1.32536E-05     2.8724510
1.32736E-05     2.8723730
1.32936E-05     2.8722810
1.33136E-05     2.8721860
1.33337E-05     2.8720950
1.33537E-05     2.8720070
1.33737E-05     2.8718940
1.33937E-05     2.8717710
1.34137E-05     2.8716530
1.34338E-05     2.8715350
1.34538E-05     2.8713820
1.34738E-05     2.8712250
1.34938E-05     2.8710760
1.35138E-05     2.8709200
1.35339E-05     2.8707240
1.35539E-05     2.8705280
1.35739E-05     2.8703410
1.35939E-05     2.8701570
1.36139E-05     2.8699060
1.36340E-05     2.8696580
1.36540E-05     2.8694140
1.36740E-05     2.8691800
1.36940E-05     2.8689330
1.37140E-05     2.8686330
1.37340E-05     2.8683540
1.37541E-05     2.8679960
1.37741E-05     2.8676740
1.37941E-05     2.8673640
1.38141E-05     2.8669850
1.38341E-05     2.8666300
1.38542E-05     2.8662040
1.38742E-05     2.8658020
1.38942E-05     2.8653370
1.39142E-05     2.8648910
1.39342E-05     2.8643890
1.39543E-05     2.8638820
1.39743E-05     2.8633460
1.39943E-05     2.8627680
1.40143E-05     2.8621900
1.40343E-05     2.8615550
1.40544E-05     2.8608730
1.40744E-05     2.8601540
1.40944E-05     2.8593710
1.41144E-05     2.8585410
1.41344E-05     2.8576470
1.41544E-05     2.8566650
1.41745E-05     2.8556470
1.41945E-05     2.8546310
1.42145E-05     2.8536520
1.42345E-05     2.8527210
1.42545E-05     2.8518810
1.42746E-05     2.8511250
1.42946E-05     2.8504380
1.43146E-05     2.8497750
1.43346E-05     2.8490350
1.43546E-05     2.8482700
1.43747E-05     2.8474440
1.43947E-05     2.8463270
1.44147E-05     2.8447450
1.44347E-05     2.8422050
1.44547E-05     2.8385390
1.44748E-05     2.8343650
1.44948E-05     2.8313870
1.45148E-05     2.8310160
1.45348E-05     2.8324680
1.45548E-05     2.8340610
1.45748E-05     2.8355510
1.45949E-05     2.8366430
1.46149E-05     2.8374650
1.46349E-05     2.8381510
1.46549E-05     2.8387540
1.46749E-05     2.8393570
1.46950E-05     2.8400450
1.47150E-05     2.8407650
1.47350E-05     2.8417880
1.47550E-05     2.8430810
1.47750E-05     2.8447030
1.47951E-05     2.8467490
1.48151E-05     2.8492140
1.48351E-05     2.8520110
1.48551E-05     2.8549740
1.48751E-05     2.8579450
1.48952E-05     2.8607630
1.49152E-05     2.8633820
1.49352E-05     2.8658100
1.49552E-05     2.8680230
1.49752E-05     2.8700640
1.49952E-05     2.8719850
1.50153E-05     2.8737290
1.50353E-05     2.8753290
1.50553E-05     2.8767890
1.50753E-05     2.8781160
1.50953E-05     2.8793210
1.51154E-05     2.8804180
1.51354E-05     2.8814200
1.51554E-05     2.8823070
1.51754E-05     2.8831140
1.51954E-05     2.8838380
1.52155E-05     2.8844870
1.52355E-05     2.8850720
1.52555E-05     2.8855920
1.52755E-05     2.8860510
1.52955E-05     2.8864670
1.53155E-05     2.8868460
1.53356E-05     2.8871680
1.53556E-05     2.8874410
1.53756E-05     2.8876990
1.53956E-05     2.8879420
1.54156E-05     2.8881440
1.54357E-05     2.8883070
1.54557E-05     2.8884400
1.54757E-05     2.8885600
1.54957E-05     2.8886620
1.55157E-05     2.8887430
1.55358E-05     2.8888000
1.55558E-05     2.8888420
1.55758E-05     2.8888620
1.55958E-05     2.8888660
1.56158E-05     2.8888560
1.56359E-05     2.8888330
1.56559E-05     2.8887950
1.56759E-05     2.8887450
1.56959E-05     2.8886830
1.57159E-05     2.8886100
1.57359E-05     2.8885260
1.57560E-05     2.8884290
1.57760E-05     2.8883140
1.57960E-05     2.8881840
1.58160E-05     2.8880480
1.58360E-05     2.8879000
1.58561E-05     2.8877460
1.58761E-05     2.8875850
1.58961E-05     2.8874140
1.59161E-05     2.8872310
1.59361E-05     2.8870420
1.59562E-05     2.8868410
1.59762E-05     2.8866330
1.59962E-05     2.8864200
1.60162E-05     2.8861960
1.60362E-05     2.8859630
1.60563E-05     2.8857240
1.60763E-05     2.8854770
1.60963E-05     2.8852200
1.61163E-05     2.8849550
1.61363E-05     2.8846780
1.61563E-05     2.8844060
1.61764E-05     2.8841140
1.61964E-05     2.8838060
1.62164E-05     2.8835090
1.62364E-05     2.8831990
1.62564E-05     2.8828580
1.62765E-05     2.8825320
1.62965E-05     2.8821960
1.63165E-05     2.8818390
1.63365E-05     2.8814800
1.63565E-05     2.8811140
1.63766E-05     2.8807290
1.63966E-05     2.8803620
1.64166E-05     2.8799540
1.64366E-05     2.8795280
1.64566E-05     2.8791200
1.64767E-05     2.8787020
1.64967E-05     2.8782530
1.65167E-05     2.8777940
1.65367E-05     2.8773680
1.65567E-05     2.8769200
1.65767E-05     2.8764460
1.65968E-05     2.8759320
1.66168E-05     2.8753690
1.66368E-05     2.8748570
1.66568E-05     2.8743750
1.66768E-05     2.8738390
1.66969E-05     2.8732760
1.67169E-05     2.8726900
1.67369E-05     2.8720640
1.67569E-05     2.8714720
1.67769E-05     2.8708850
1.67970E-05     2.8702800
1.68170E-05     2.8696070
1.68370E-05     2.8689670
1.68570E-05     2.8683470
1.68770E-05     2.8676820
1.68971E-05     2.8669620
1.69171E-05     2.8662650
1.69371E-05     2.8656050
1.69571E-05     2.8648730
1.69771E-05     2.8641260
1.69971E-05     2.8634050
1.70172E-05     2.8626720
1.70372E-05     2.8618900
1.70572E-05     2.8611490
1.70772E-05     2.8604040
1.70972E-05     2.8596500
1.71173E-05     2.8588740
1.71373E-05     2.8580530
1.71573E-05     2.8572590
1.71773E-05     2.8564830
1.71973E-05     2.8556740
1.72174E-05     2.8548890
1.72374E-05     2.8540880
1.72574E-05     2.8532620
1.72774E-05     2.8524680
1.72974E-05     2.8516770
1.73175E-05     2.8509100
1.73375E-05     2.8501610
1.73575E-05     2.8493400
1.73775E-05     2.8485500
1.73975E-05     2.8478080
1.74175E-05     2.8470330
1.74376E-05     2.8462300
1.74576E-05     2.8454780
1.74776E-05     2.8446890
1.74976E-05     2.8441310
1.75176E-05     2.8435080
1.75377E-05     2.8430970
1.75577E-05     2.8427190
1.75777E-05     2.8424520
1.75977E-05     2.8422150
1.76177E-05     2.8420230
1.76378E-05     2.8418420
1.76578E-05     2.8417350
1.76778E-05     2.8415820
1.76978E-05     2.8414890
1.77178E-05     2.8413600
1.77379E-05     2.8412790
1.77579E-05     2.8411860
1.77779E-05     2.8410120
1.77979E-05     2.8408770
1.78179E-05     2.8407360
1.78379E-05     2.8405980
1.78580E-05     2.8405630
1.78780E-05     2.8405940
1.78980E-05     2.8405880
1.79180E-05     2.8406730
1.79380E-05     2.8407670
1.79581E-05     2.8409370
1.79781E-05     2.8411140
1.79981E-05     2.8413330
1.80181E-05     2.8415890
1.80381E-05     2.8418790
1.80582E-05     2.8422980
1.80782E-05     2.8425850
1.80982E-05     2.8430260
1.81182E-05     2.8434050
1.81382E-05     2.8438170
1.81583E-05     2.8442870
1.81783E-05     2.8446660
1.81983E-05     2.8452350
1.82183E-05     2.8457030
1.82383E-05     2.8462130
1.82583E-05     2.8468120
1.82784E-05     2.8472990
1.82984E-05     2.8478590
1.83184E-05     2.8484340
1.83384E-05     2.8489490
1.83584E-05     2.8496320
1.83785E-05     2.8502150
1.83985E-05     2.8506420
1.84185E-05     2.8512320
1.84385E-05     2.8518430
1.84585E-05     2.8523970
1.84786E-05     2.8528320
1.84986E-05     2.8534560
1.85186E-05     2.8540250
1.85386E-05     2.8545230
1.85586E-05     2.8550610
1.85786E-05     2.8556240
1.85987E-05     2.8561380
1.86187E-05     2.8566070
1.86387E-05     2.8571620
1.86587E-05     2.8576610
1.86787E-05     2.8580840
1.86988E-05     2.8586630
1.87188E-05     2.8592310
1.87388E-05     2.8597110
1.87588E-05     2.8601330
1.87788E-05     2.8605380
1.87989E-05     2.8609280
1.88189E-05     2.8613350
1.88389E-05     2.8617760
1.88589E-05     2.8622050
1.88789E-05     2.8626040
1.88990E-05     2.8629170
1.89190E-05     2.8633440
1.89390E-05     2.8637830
1.89590E-05     2.8641760
1.89790E-05     2.8645200
1.89990E-05     2.8648520
1.90191E-05     2.8651740
1.90391E-05     2.8654320
1.90591E-05     2.8656630
1.90791E-05     2.8659870
1.90991E-05     2.8663310
1.91192E-05     2.8666140
1.91392E-05     2.8668870
1.91592E-05     2.8671500
1.91792E-05     2.8673850
1.91992E-05     2.8675790
1.92193E-05     2.8677630
1.92393E-05     2.8680090
1.92593E-05     2.8682510
1.92793E-05     2.8684690
1.92993E-05     2.8686780
1.93194E-05     2.8688790
1.93394E-05     2.8690350
1.93594E-05     2.8691800
1.93794E-05     2.8693190
1.93994E-05     2.8694400
1.94194E-05     2.8695260
1.94395E-05     2.8696710
1.94595E-05     2.8698260
1.94795E-05     2.8699570
1.94995E-05     2.8700660
1.95195E-05     2.8701680
1.95396E-05     2.8702620
1.95596E-05     2.8703240
1.95796E-05     2.8703730
1.95996E-05     2.8704140
1.96196E-05     2.8704470
1.96397E-05     2.8704480
1.96597E-05     2.8705080
1.96797E-05     2.8705620
1.96997E-05     2.8706050
1.97197E-05     2.8706190
1.97398E-05     2.8706260
1.97598E-05     2.8706260
1.97798E-05     2.8706070
1.97998E-05     2.8705680
1.98198E-05     2.8705220
1.98398E-05     2.8704670
1.98599E-05     2.8704000
1.98799E-05     2.8703800
1.98999E-05     2.8703450
1.99199E-05     2.8702920
1.99399E-05     2.8702330
1.99600E-05     2.8701540
1.99800E-05     2.8700630
2.08000E-05     2.8659500
2.12000E-05     2.8640500
2.17000E-05     2.8616640
2.20902E-05     2.8562130
2.22782E-05     2.8560480
2.26000E-05     2.8562700
2.32000E-05     2.8528210
2.38387E-05     2.8408760
2.39505E-05     2.8407740
2.41000E-05     2.8413390
2.42000E-05     2.8443220
2.43000E-05     2.8538540
2.44000E-05     2.8719110
2.45000E-05     2.8821610
2.48000E-05     2.8663210
2.52000E-05     2.8571370
2.59724E-05     2.8505200
2.66000E-05     2.8492480
2.68000E-05     2.8431330
2.69000E-05     2.8334870
2.70000E-05     2.7989440
2.71066E-05     2.6855940
2.71361E-05     2.6631620
2.71698E-05     2.6477270
2.72161E-05     2.6377230
2.72962E-05     2.6332890
2.73595E-05     2.6354740
2.74000E-05     2.6404150
2.75000E-05     2.6826210
2.76000E-05     2.7522100
2.77000E-05     2.7903920
2.78000E-05     2.8120430
2.79000E-05     2.8266260
2.81000E-05     2.8456690
2.84000E-05     2.8627420
2.89000E-05     2.8780450
2.95000E-05     2.8855580
3.00000E-05     2.8867940
3.12000E-05     2.8793280
3.22650E-05     2.8717170
3.34000E-05     2.8753140
3.40000E-05     2.8709080
3.44000E-05     2.8587200
3.45000E-05     2.8535170
3.47000E-05     2.8370520
3.49000E-05     2.8091460
3.50000E-05     2.7891990
3.51000E-05     2.7605580
3.52000E-05     2.7201270
3.52861E-05     2.6905270
3.53540E-05     2.6819110
3.54851E-05     2.6787940
3.56000E-05     2.6807280
3.57000E-05     2.6924650
3.58000E-05     2.7299560
3.59000E-05     2.7705520
3.60000E-05     2.7998980
3.61000E-05     2.8219170
3.62000E-05     2.8383550
3.63000E-05     2.8502820
3.65000E-05     2.8673870
3.67000E-05     2.8766960
3.70000E-05     2.8844650
3.74000E-05     2.8883090
3.80000E-05     2.8883850
3.87000E-05     2.8846760
3.99000E-05     2.8709830
4.06000E-05     2.8568530
4.10000E-05     2.8437580
4.11000E-05     2.8356200
4.12754E-05     2.7916960
4.13455E-05     2.7836890
4.13730E-05     2.7830500
4.14380E-05     2.7877100
4.14963E-05     2.8016930
4.16000E-05     2.8389030
4.16641E-05     2.8499120
4.17977E-05     2.8542610
4.18491E-05     2.8543790
4.22000E-05     2.8526550
4.31724E-05     2.8591910
4.35000E-05     2.8570380
4.38000E-05     2.8468800
4.39000E-05     2.8398200
4.40000E-05     2.8290780
4.41000E-05     2.8118770
4.42000E-05     2.7807320
4.42962E-05     2.7406540
4.43540E-05     2.7265290
4.44350E-05     2.7187710
4.45275E-05     2.7168430
4.46085E-05     2.7180890
4.47000E-05     2.7254630
4.48000E-05     2.7547370
4.49000E-05     2.8015890
4.50000E-05     2.8320000
4.51000E-05     2.8500650
4.52000E-05     2.8623500
4.54000E-05     2.8771480
4.57000E-05     2.8887400
4.63594E-05     2.8970500
4.86046E-05     2.9022100
4.93000E-05     2.9033320
4.97000E-05     2.9018160
4.98000E-05     2.8979610
4.98692E-05     2.8866310
4.99201E-05     2.8671870
5.00274E-05     2.8090040
5.00782E-05     2.7904780
5.01346E-05     2.7802760
5.01685E-05     2.7785980
5.02110E-05     2.7808230
5.03002E-05     2.8030490
5.04000E-05     2.8527330
5.04787E-05     2.8812980
5.05000E-05     2.8853500
5.06000E-05     2.8935720
5.10000E-05     2.8977550
5.11926E-05     2.8979810
5.18173E-05     2.8960100
5.19958E-05     2.8916150
5.21000E-05     2.8846660
5.22000E-05     2.8691730
5.22514E-05     2.8553280
5.23766E-05     2.8152520
5.24514E-05     2.8020350
5.25738E-05     2.7953950
5.26486E-05     2.7947250
5.28000E-05     2.7977560
5.29068E-05     2.8089020
5.30707E-05     2.8386720
5.32345E-05     2.8519130
5.35000E-05     2.8595730
5.40538E-05     2.8624660
5.51000E-05     2.8589400
5.53000E-05     2.8537750
5.55284E-05     2.8413040
5.57070E-05     2.8397140
5.59000E-05     2.8434220
5.60199E-05     2.8569440
5.61838E-05     2.8905550
5.63000E-05     2.9008830
5.65115E-05     2.9046210
5.74000E-05     2.9053300
5.82711E-05     2.9012690
5.86466E-05     2.8921790
5.88998E-05     2.8773720
5.91000E-05     2.8640540
5.92880E-05     2.8612660
5.95244E-05     2.8650430
5.99000E-05     2.8903860
6.02000E-05     2.8999400
6.07715E-05     2.9056370
6.10000E-05     2.9060310
6.18000E-05     2.9011240
6.23000E-05     2.8884480
6.29190E-05     2.8589330
6.31788E-05     2.8570520
6.35000E-05     2.8599990
6.43409E-05     2.8889940
6.44298E-05     2.8839920
6.45000E-05     2.8764450
6.45632E-05     2.8743480
6.50968E-05     2.8892870
6.51413E-05     2.8896160
6.53191E-05     2.8866480
6.54525E-05     2.8769340
6.56135E-05     2.8643760
6.58706E-05     2.8608680
6.71000E-05     2.8702530
6.77000E-05     2.8709790
7.35000E-05     2.8571090
7.38000E-05     2.8503560
7.40416E-05     2.8447030
7.41080E-05     2.8445120
7.43000E-05     2.8469330
7.44000E-05     2.8549750
7.45299E-05     2.8784440
7.45902E-05     2.8815860
7.49973E-05     2.8672470
7.51330E-05     2.8660270
7.59000E-05     2.8763200
7.75950E-05     2.8843690
7.82000E-05     2.8809340
7.83855E-05     2.8764200
7.85000E-05     2.8704600
7.87017E-05     2.8347310
7.88359E-05     2.7887740
7.89151E-05     2.7744230
7.90253E-05     2.7672860
7.90781E-05     2.7666260
7.91760E-05     2.7690590
7.93000E-05     2.7849530
7.94000E-05     2.8218240
7.94566E-05     2.8502530
7.95000E-05     2.8689030
7.96000E-05     2.8913440
7.96917E-05     2.8978390
8.00000E-05     2.9032310
8.08667E-05     2.9047910
8.16000E-05     2.9039870
8.21798E-05     2.8953240
8.23000E-05     2.8867400
8.24000E-05     2.8626190
8.25560E-05     2.7902690
8.26189E-05     2.7712980
8.26974E-05     2.7592320
8.27813E-05     2.7550900
8.29000E-05     2.7602860
8.29702E-05     2.7719500
8.31000E-05     2.8232990
8.32000E-05     2.8691590
8.32864E-05     2.8877180
8.34355E-05     2.8969760
8.39000E-05     2.9028440
8.45512E-05     2.9040780
8.50970E-05     2.9015930
8.51835E-05     2.8978390
8.52865E-05     2.8828890
8.53746E-05     2.8561550
8.54764E-05     2.8239520
8.55511E-05     2.8100200
8.56257E-05     2.8055180
8.56935E-05     2.8090790
8.58000E-05     2.8300420
8.59000E-05     2.8624710
8.60000E-05     2.8880540
8.60370E-05     2.8932620
8.61000E-05     2.8982300
8.64000E-05     2.9027850
8.76000E-05     2.9039190
8.96000E-05     2.9012450
9.00000E-05     2.8961580
9.01827E-05     2.8894100
9.03000E-05     2.8789400
9.03492E-05     2.8704480
9.04181E-05     2.8513480
9.05434E-05     2.8074410
9.06212E-05     2.7914040
9.07230E-05     2.7827510
9.08547E-05     2.7801940
9.10000E-05     2.7834840
9.11000E-05     2.7930420
9.11242E-05     2.7971420
9.12000E-05     2.8159600
9.13000E-05     2.8467010
9.13596E-05     2.8599510
9.14424E-05     2.8706560
9.15950E-05     2.8795640
9.17923E-05     2.8842200
9.20000E-05     2.8854730
9.22733E-05     2.8825140
9.23824E-05     2.8791200
9.25000E-05     2.8712350
9.26000E-05     2.8529530
9.27000E-05     2.8041880
9.27999E-05     2.7326920
9.28509E-05     2.7042140
9.29076E-05     2.6832580
9.29757E-05     2.6695570
9.30607E-05     2.6635190
9.30777E-05     2.6633890
9.31174E-05     2.6644160
9.32000E-05     2.6734550
9.33000E-05     2.7050740
9.34000E-05     2.7729130
9.34780E-05     2.8340870
9.36000E-05     2.8817410
9.37000E-05     2.8915470
9.39488E-05     2.8964720
9.41000E-05     2.8967180
9.46549E-05     2.8907510
9.48903E-05     2.8824840
9.50000E-05     2.8749190
9.52346E-05     2.8536020
9.54483E-05     2.8483490
9.54855E-05     2.8482790
9.57000E-05     2.8521760
9.58318E-05     2.8632890
9.60000E-05     2.8853770
9.61000E-05     2.8929280
9.64000E-05     2.9007050
9.74795E-05     2.9034190
1.01300E-04     2.9006030
1.02100E-04     2.8941230
1.02423E-04     2.8849780
1.02500E-04     2.8803770
1.02600E-04     2.8691300
1.02658E-04     2.8569170
1.02800E-04     2.8105580
1.02881E-04     2.7919890
1.02986E-04     2.7815610
1.03148E-04     2.7779460
1.03337E-04     2.7831810
1.03400E-04     2.7896250
1.03500E-04     2.8121120
1.03599E-04     2.8490870
1.03700E-04     2.8774010
1.03800E-04     2.8887740
1.04000E-04     2.8953250
1.04200E-04     2.8964490
1.04400E-04     2.8948490
1.04600E-04     2.8900460
1.04781E-04     2.8801550
1.04900E-04     2.8641090
1.05000E-04     2.8342150
1.05100E-04     2.7912210
1.05179E-04     2.7647200
1.05257E-04     2.7502010
1.05369E-04     2.7417490
1.05447E-04     2.7401110
1.05600E-04     2.7434610
1.05700E-04     2.7535260
1.05800E-04     2.7774300
1.05900E-04     2.8139550
1.06000E-04     2.8406430
1.06100E-04     2.8506480
1.06200E-04     2.8520130
1.06400E-04     2.8422220
1.06580E-04     2.8356740
1.06820E-04     2.8344020
1.07186E-04     2.8380570
1.07500E-04     2.8558810
1.07900E-04     2.8654220
1.08400E-04     2.8683860
1.09300E-04     2.8633920
1.09700E-04     2.8564010
1.10000E-04     2.8457900
1.10232E-04     2.8355290
1.10553E-04     2.8334280
1.10900E-04     2.8368240
1.11400E-04     2.8852240
1.11604E-04     2.8958760
1.11996E-04     2.9010760
1.12100E-04     2.9012340
1.14177E-04     2.8982840
1.14578E-04     2.8920610
1.14882E-04     2.8759340
1.15100E-04     2.8654040
1.15400E-04     2.8626650
1.15792E-04     2.8665000
1.16100E-04     2.8780270
1.17200E-04     2.8868080
1.17900E-04     2.8826350
1.18295E-04     2.8732100
1.18709E-04     2.8525520
1.18991E-04     2.8499630
1.19324E-04     2.8533290
1.19495E-04     2.8635720
1.19700E-04     2.8775260
1.20000E-04     2.8848230
1.20100E-04     2.8853010
1.20400E-04     2.8813850
1.20500E-04     2.8771630
1.20600E-04     2.8695190
1.20823E-04     2.8462610
1.21006E-04     2.8410100
1.21189E-04     2.8402880
1.21500E-04     2.8434160
1.21800E-04     2.8616370
1.21900E-04     2.8654470
1.22300E-04     2.8701790
1.22800E-04     2.8651320
1.23308E-04     2.8557060
1.23700E-04     2.8549410
1.24100E-04     2.8582670
1.24900E-04     2.8803200
1.25400E-04     2.8860780
1.25600E-04     2.8848980
1.25755E-04     2.8778820
1.25800E-04     2.8726240
1.25900E-04     2.8512130
1.26015E-04     2.8224500
1.26106E-04     2.8102080
1.26263E-04     2.8033320
1.26391E-04     2.8023120
1.26600E-04     2.8050420
1.26700E-04     2.8104180
1.26986E-04     2.8458080
1.27100E-04     2.8487790
1.27200E-04     2.8419740
1.27402E-04     2.8163720
1.27563E-04     2.8090070
1.27718E-04     2.8077180
1.27900E-04     2.8100590
1.28000E-04     2.8154940
1.28100E-04     2.8294990
1.28300E-04     2.8792960
1.28400E-04     2.8903670
1.28627E-04     2.8976160
1.29600E-04     2.9030960
1.31600E-04     2.9047390
1.33100E-04     2.9015520
1.33300E-04     2.8971990
1.33400E-04     2.8895860
1.33500E-04     2.8674690
1.33552E-04     2.8459700
1.33701E-04     2.7668710
1.33767E-04     2.7416620
1.33840E-04     2.7244520
1.33934E-04     2.7138870
1.34000E-04     2.7116810
1.34100E-04     2.7150410
1.34200E-04     2.7284970
1.34300E-04     2.7578540
1.34400E-04     2.8036100
1.34500E-04     2.8457060
1.34600E-04     2.8674910
1.34700E-04     2.8757790
1.35000E-04     2.8815000
1.35100E-04     2.8817680
1.36000E-04     2.8751190
1.36300E-04     2.8689900
1.36669E-04     2.8540300
1.36947E-04     2.8520910
1.37300E-04     2.8559060
1.37700E-04     2.8739050
1.38300E-04     2.8841300
1.38477E-04     2.8853740
1.38600E-04     2.8840460
1.38700E-04     2.8779890
1.38919E-04     2.8440790
1.39048E-04     2.8346110
1.39389E-04     2.8310540
1.39453E-04     2.8310230
1.39810E-04     2.8328130
1.40300E-04     2.8499030
1.40900E-04     2.8572460
1.41500E-04     2.8589320
1.42500E-04     2.8544770
1.43395E-04     2.8478300
1.43719E-04     2.8440740
1.44000E-04     2.8461350
1.44100E-04     2.8496750
1.44232E-04     2.8599970
1.44396E-04     2.8769220
1.44600E-04     2.8909640
1.44885E-04     2.8981810
1.45048E-04     2.8987570
1.45600E-04     2.8932920
1.45800E-04     2.8865660
1.45900E-04     2.8779160
1.46027E-04     2.8551610
1.46180E-04     2.8223010
1.46292E-04     2.8086740
1.46432E-04     2.8032050
1.46439E-04     2.8031850
1.46517E-04     2.8045310
1.46600E-04     2.8095670
1.46680E-04     2.8193310
1.46800E-04     2.8457630
1.46900E-04     2.8727240
1.47000E-04     2.8907370
1.47100E-04     2.8978770
1.47300E-04     2.9000290
1.47700E-04     2.8941270
1.47853E-04     2.8855270
1.48122E-04     2.8570140
1.48300E-04     2.8496100
1.48466E-04     2.8482410
1.48700E-04     2.8513100
1.48801E-04     2.8563260
1.49000E-04     2.8760130
1.49086E-04     2.8779570
1.49181E-04     2.8667440
1.49311E-04     2.8490670
1.49466E-04     2.8413740
1.49679E-04     2.8394950
1.49944E-04     2.8423140
1.50100E-04     2.8505310
1.50300E-04     2.8680040
1.50500E-04     2.8775660
1.51086E-04     2.8887690
1.52500E-04     2.8985630
1.53500E-04     2.9003030
1.56428E-04     2.8937460
1.56596E-04     2.8881980
1.56700E-04     2.8781020
1.56982E-04     2.8304210
1.57097E-04     2.8199060
1.57184E-04     2.8180890
1.57300E-04     2.8238130
1.57400E-04     2.8362500
1.57600E-04     2.8726830
1.57700E-04     2.8859670
1.57856E-04     2.8945430
1.58600E-04     2.8978140
1.59700E-04     2.8932190
1.60500E-04     2.8811790
1.61100E-04     2.8646030
1.61400E-04     2.8503460
1.61700E-04     2.8278100
1.61917E-04     2.8230090
1.62129E-04     2.8223580
1.62500E-04     2.8243680
1.62600E-04     2.8275680
1.62700E-04     2.8345280
1.62900E-04     2.8568580
1.63000E-04     2.8655140
1.63200E-04     2.8759440
1.63500E-04     2.8811760
1.63700E-04     2.8789890
1.63900E-04     2.8695500
1.64000E-04     2.8576600
1.64100E-04     2.8377100
1.64200E-04     2.8146390
1.64331E-04     2.7942700
1.64481E-04     2.7853510
1.64710E-04     2.7826550
1.64900E-04     2.7845580
1.65000E-04     2.7881570
1.65100E-04     2.7958460
1.65200E-04     2.8095090
1.65300E-04     2.8262330
1.65400E-04     2.8393480
1.65496E-04     2.8470660
1.65700E-04     2.8550630
1.66200E-04     2.8600430
1.67285E-04     2.8545620
1.67728E-04     2.8571590
1.67914E-04     2.8662130
1.68200E-04     2.8883210
1.68472E-04     2.8967150
1.68600E-04     2.8974510
1.69100E-04     2.8925870
1.69400E-04     2.8831870
1.69500E-04     2.8745890
1.69600E-04     2.8586590
1.69800E-04     2.8082290
1.69900E-04     2.7888990
1.69960E-04     2.7834420
1.70000E-04     2.7828530
1.70100E-04     2.7926660
1.70300E-04     2.8379940
1.70408E-04     2.8504900
1.70559E-04     2.8543470
1.70800E-04     2.8552020
1.70890E-04     2.8547720
1.71000E-04     2.8489850
1.71100E-04     2.8314000
1.71200E-04     2.8042410
1.71262E-04     2.7896980
1.71300E-04     2.7833740
1.71400E-04     2.7778280
1.71448E-04     2.7807390
1.71500E-04     2.7876800
1.71634E-04     2.8198140
1.71700E-04     2.8389420
1.71820E-04     2.8675050
1.71900E-04     2.8788040
1.72000E-04     2.8860940
1.72300E-04     2.8923830
1.73680E-04     2.8988470
1.74200E-04     2.8960570
1.74500E-04     2.8892910
1.75540E-04     2.8483760
1.75837E-04     2.8439640
1.76284E-04     2.8435190
1.76400E-04     2.8435270
1.76700E-04     2.8417280
1.76800E-04     2.8346660
1.76900E-04     2.8155550
1.77000E-04     2.7926450
1.77124E-04     2.7771550
1.77299E-04     2.7707700
1.77408E-04     2.7699000
1.77600E-04     2.7711450
1.77700E-04     2.7740160
1.77800E-04     2.7805970
1.77900E-04     2.7938500
1.78100E-04     2.8293830
1.78300E-04     2.8438020
1.78400E-04     2.8402400
1.78600E-04     2.8092300
1.78749E-04     2.7976390
1.79017E-04     2.7936460
1.79099E-04     2.7935360
1.79425E-04     2.7970720
1.79500E-04     2.8008010
1.79623E-04     2.8145430
1.79821E-04     2.8470430
1.79900E-04     2.8545220
1.80200E-04     2.8689690
1.80900E-04     2.8881990
1.81700E-04     2.8992390
1.82300E-04     2.9015050
1.82900E-04     2.8980760
1.83100E-04     2.8909130
1.83200E-04     2.8809780
1.83400E-04     2.8475660
1.83530E-04     2.8330830
1.83702E-04     2.8259800
1.83809E-04     2.8252010
1.84000E-04     2.8292670
1.84100E-04     2.8361370
1.84200E-04     2.8489220
1.84400E-04     2.8840740
1.84500E-04     2.8938770
1.84700E-04     2.9002070
1.85800E-04     2.9033040
1.87345E-04     2.9003230
1.87600E-04     2.8962010
1.87741E-04     2.8889980
1.87800E-04     2.8830340
1.88000E-04     2.8488340
1.88137E-04     2.8325470
1.88316E-04     2.8253240
1.88463E-04     2.8241060
1.88731E-04     2.8283110
1.88800E-04     2.8320600
1.88929E-04     2.8454820
1.89127E-04     2.8746700
1.89200E-04     2.8813610
1.89400E-04     2.8896260
1.89800E-04     2.8935500
1.90117E-04     2.8891880
1.90200E-04     2.8837520
1.90315E-04     2.8687610
1.90524E-04     2.8339930
1.90664E-04     2.8223730
1.90823E-04     2.8186810
1.91000E-04     2.8230670
1.91107E-04     2.8318720
1.91200E-04     2.8453440
1.91400E-04     2.8829990
1.91500E-04     2.8938080
1.91700E-04     2.9005370
1.92500E-04     2.9028510
1.94800E-04     2.8971780
1.95346E-04     2.8978000
1.96000E-04     2.8947200
1.96198E-04     2.8875980
1.96300E-04     2.8776440
1.96553E-04     2.8380300
1.96701E-04     2.8275870
1.96947E-04     2.8237440
1.97200E-04     2.8277900
1.97300E-04     2.8338820
1.97400E-04     2.8456290
1.97600E-04     2.8790640
1.97700E-04     2.8882480
1.97900E-04     2.8933310
1.98000E-04     2.8933900
1.98400E-04     2.8875610
1.98800E-04     2.8731260
1.99130E-04     2.8585030
1.99551E-04     2.8551370
2.00100E-04     2.8590200
2.00900E-04     2.8835730
2.01500E-04     2.8929800
2.02227E-04     2.8968600
2.02773E-04     2.8936930
2.02955E-04     2.8860020
2.03273E-04     2.8537980
2.03465E-04     2.8470340
2.03505E-04     2.8468650
2.03718E-04     2.8521080
2.03897E-04     2.8662560
2.04115E-04     2.8861080
2.04320E-04     2.8928270
2.06120E-04     2.8972340
2.06531E-04     2.8945970
2.06737E-04     2.8878240
2.06839E-04     2.8787080
2.06942E-04     2.8606570
2.07161E-04     2.8052790
2.07270E-04     2.7883160
2.07420E-04     2.7780530
2.07590E-04     2.7751890
2.07794E-04     2.7790860
2.07930E-04     2.7894250
2.08038E-04     2.8066660
2.08255E-04     2.8564640
2.08364E-04     2.8726980
2.08473E-04     2.8817110
2.08798E-04     2.8936140
2.09341E-04     2.9007780
2.10536E-04     2.9027290
2.12237E-04     2.9008360
2.12645E-04     2.8955260
2.12838E-04     2.8852830
2.13126E-04     2.8562810
2.13338E-04     2.8484910
2.13511E-04     2.8472530
2.13784E-04     2.8506900
2.13933E-04     2.8587860
2.14131E-04     2.8806420
2.14329E-04     2.8947200
2.14527E-04     2.8968220
2.14726E-04     2.8910460
2.15122E-04     2.8532590
2.15321E-04     2.8477920
2.15519E-04     2.8467530
2.15866E-04     2.8507180
2.16139E-04     2.8625220
2.16213E-04     2.8571660
2.16288E-04     2.8422570
2.16455E-04     2.7986690
2.16561E-04     2.7816060
2.16698E-04     2.7718120
2.16801E-04     2.7702460
2.16960E-04     2.7760480
2.17051E-04     2.7854000
2.17143E-04     2.8011850
2.17371E-04     2.8585400
2.17462E-04     2.8738750
2.17553E-04     2.8822910
2.17736E-04     2.8893090
2.18375E-04     2.8960230
2.18557E-04     2.8964800
2.18876E-04     2.8930960
2.19013E-04     2.8824850
2.19242E-04     2.8492070
2.19390E-04     2.8393230
2.19727E-04     2.8349820
2.20010E-04     2.8325760
2.20326E-04     2.8145040
2.20485E-04     2.8124490
2.20735E-04     2.8171530
2.20871E-04     2.8278210
2.20962E-04     2.8416810
2.21144E-04     2.8779260
2.21235E-04     2.8887340
2.21417E-04     2.8961810
2.22053E-04     2.8994350
2.22507E-04     2.8962690
2.22643E-04     2.8903150
2.22734E-04     2.8799330
2.22825E-04     2.8601090
2.23029E-04     2.7965580
2.23132E-04     2.7748190
2.23250E-04     2.7615660
2.23388E-04     2.7567090
2.23520E-04     2.7601470
2.23599E-04     2.7666580
2.23705E-04     2.7830500
2.23758E-04     2.7954640
2.23863E-04     2.8280200
2.23916E-04     2.8456390
2.24021E-04     2.8742070
2.24127E-04     2.8885950
2.24232E-04     2.8925320
2.24338E-04     2.8901280
2.24443E-04     2.8816510
2.24694E-04     2.8504180
2.24872E-04     2.8403550
2.25115E-04     2.8373210
2.25405E-04     2.8421150
2.25539E-04     2.8504590
2.25807E-04     2.8794440
2.25985E-04     2.8898420
2.26342E-04     2.8962000
2.26878E-04     2.8983590
2.27324E-04     2.8953630
2.27502E-04     2.8864470
2.27833E-04     2.8476550
2.28018E-04     2.8382100
2.28126E-04     2.8368630
2.28344E-04     2.8415870
2.28507E-04     2.8551370
2.28669E-04     2.8780990
2.28778E-04     2.8909610
2.28887E-04     2.8978010
2.29212E-04     2.9024240
2.29864E-04     2.9032750
2.30733E-04     2.9005840
2.30950E-04     2.8935630
2.31059E-04     2.8820850
2.31181E-04     2.8580930
2.31354E-04     2.8204000
2.31480E-04     2.8037760
2.31618E-04     2.7963860
2.31655E-04     2.7959670
2.31784E-04     2.7992760
2.31895E-04     2.8088580
2.32005E-04     2.8260170
2.32153E-04     2.8536360
2.32227E-04     2.8594090
2.32374E-04     2.8544520
2.32613E-04     2.8454060
2.32818E-04     2.8436990
2.33073E-04     2.8463980
2.33175E-04     2.8501370
2.33277E-04     2.8568760
2.33584E-04     2.8870560
2.33737E-04     2.8929680
2.33788E-04     2.8932960
2.33916E-04     2.8891270
2.34018E-04     2.8773400
2.34286E-04     2.8235730
2.34415E-04     2.8085650
2.34561E-04     2.8022720
2.34597E-04     2.8020720
2.34743E-04     2.8065080
2.34853E-04     2.8163190
2.34999E-04     2.8397300
2.35145E-04     2.8673090
2.35219E-04     2.8774880
2.35365E-04     2.8882960
2.35657E-04     2.8938870
2.36680E-04     2.8966490
2.37850E-04     2.8934380
2.38288E-04     2.8874110
2.38471E-04     2.8798610
2.38581E-04     2.8696000
2.38837E-04     2.8309900
2.38983E-04     2.8193730
2.39251E-04     2.8137660
2.39322E-04     2.8136160
2.39583E-04     2.8168050
2.39725E-04     2.8240620
2.39820E-04     2.8336240
2.40009E-04     2.8570140
2.40104E-04     2.8597750
2.40436E-04     2.8470990
2.40831E-04     2.8447920
2.41319E-04     2.8477290
2.41737E-04     2.8625420
2.42016E-04     2.8648830
2.42434E-04     2.8589170
2.42852E-04     2.8531400
2.43190E-04     2.8527580
2.43683E-04     2.8554460
2.44318E-04     2.8751530
2.44882E-04     2.8808710
2.45164E-04     2.8811080
2.46010E-04     2.8747200
2.47243E-04     2.8590550
2.48369E-04     2.8568320
2.48488E-04     2.8507690
2.48586E-04     2.8363700
2.48813E-04     2.7809210
2.48923E-04     2.7642090
2.49060E-04     2.7547960
2.49169E-04     2.7527210
2.49351E-04     2.7576250
2.49460E-04     2.7674360
2.49533E-04     2.7784920
2.49605E-04     2.7939560
2.49824E-04     2.8528420
2.49897E-04     2.8658730
2.50000E-04     2.8755730
2.50260E-04     2.8829390
2.50406E-04     2.8844240
2.50551E-04     2.8826480
2.50661E-04     2.8746410
2.50770E-04     2.8572710
2.50934E-04     2.8278660
2.51070E-04     2.8133480
2.51254E-04     2.8056890
2.51481E-04     2.8036130
2.51809E-04     2.8079480
2.51960E-04     2.8167800
2.52263E-04     2.8508770
2.52465E-04     2.8633090
2.53071E-04     2.8794860
2.53677E-04     2.8917350
2.53778E-04     2.8914350
2.53929E-04     2.8849730
2.54207E-04     2.8572430
2.54396E-04     2.8493350
2.54785E-04     2.8467690
2.55202E-04     2.8503850
2.55398E-04     2.8602550
2.55594E-04     2.8737230
2.55716E-04     2.8765240
2.55888E-04     2.8704800
2.56224E-04     2.8465290
2.56398E-04     2.8420900
2.56573E-04     2.8460770
2.56748E-04     2.8592570
2.57009E-04     2.8857360
2.57184E-04     2.8935320
2.57359E-04     2.8948670
2.58057E-04     2.8892080
2.58406E-04     2.8798630
2.58799E-04     2.8536380
2.59070E-04     2.8477630
2.59255E-04     2.8471230
2.59625E-04     2.8507200
2.59811E-04     2.8606090
2.60181E-04     2.8935490
2.60552E-04     2.9007150
2.61233E-04     2.9025840
2.62086E-04     2.8992070
2.62256E-04     2.8918980
2.62370E-04     2.8782770
2.62635E-04     2.8258410
2.62768E-04     2.8098280
2.62939E-04     2.8016310
2.63007E-04     2.8008630
2.63166E-04     2.8037030
2.63302E-04     2.8128350
2.63394E-04     2.8240110
2.63575E-04     2.8562840
2.63666E-04     2.8687060
2.63757E-04     2.8721750
2.63894E-04     2.8622740
2.64076E-04     2.8452630
2.64295E-04     2.8373350
2.64512E-04     2.8358180
2.64851E-04     2.8403320
2.65454E-04     2.8856130
2.66057E-04     2.8923180
2.66660E-04     2.8924240
2.67716E-04     2.8864240
2.68319E-04     2.8757720
2.68846E-04     2.8545110
2.69530E-04     2.8469490
2.69940E-04     2.8347330
2.70035E-04     2.8341340
2.70224E-04     2.8375430
2.70319E-04     2.8430160
2.70414E-04     2.8527360
2.70603E-04     2.8811000
2.70698E-04     2.8901820
2.70888E-04     2.8955340
2.71077E-04     2.8958620
2.71646E-04     2.8909130
2.71978E-04     2.8813000
2.72392E-04     2.8557530
2.72662E-04     2.8502380
2.72887E-04     2.8494690
2.73307E-04     2.8534140
2.73487E-04     2.8615490
2.73727E-04     2.8780970
2.73967E-04     2.8876170
2.74567E-04     2.8956290
2.74742E-04     2.8961260
2.75095E-04     2.8930230
2.75311E-04     2.8823640
2.75592E-04     2.8634990
2.75867E-04     2.8572960
2.75939E-04     2.8570260
2.76226E-04     2.8602940
2.76465E-04     2.8717780
2.76752E-04     2.8884360
2.77039E-04     2.8944360
2.77995E-04     2.8982090
2.78760E-04     2.8946550
2.79009E-04     2.8878530
2.79209E-04     2.8718210
2.79421E-04     2.8530660
2.79660E-04     2.8451080
2.79852E-04     2.8438110
2.80185E-04     2.8476870
2.80338E-04     2.8552530
2.80645E-04     2.8844430
2.80850E-04     2.8938440
2.81463E-04     2.8983160
2.82128E-04     2.8948630
2.82333E-04     2.8886800
2.82435E-04     2.8807830
2.82538E-04     2.8662670
2.82819E-04     2.8060070
2.82945E-04     2.7888280
2.83092E-04     2.7790870
2.83217E-04     2.7767130
2.83406E-04     2.7815970
2.83533E-04     2.7923040
2.83616E-04     2.8042280
2.83700E-04     2.8204680
2.83868E-04     2.8583730
2.83952E-04     2.8731670
2.84036E-04     2.8829570
2.84204E-04     2.8918790
2.84624E-04     2.8960940
2.84960E-04     2.8941980
2.85128E-04     2.8894010
2.85296E-04     2.8753830
2.85548E-04     2.8369380
2.85681E-04     2.8223710
2.85829E-04     2.8141150
2.85976E-04     2.8111730
2.86124E-04     2.8117900
2.86358E-04     2.8212800
2.86593E-04     2.8473800
2.87062E-04     2.8842250
2.87531E-04     2.8761370
2.87765E-04     2.8590380
2.88000E-04     2.8493860
2.88305E-04     2.8468520
2.88632E-04     2.8498610
2.88819E-04     2.8579550
2.89067E-04     2.8809640
2.89316E-04     2.8946010
2.89813E-04     2.9001810
2.90558E-04     2.9015930
2.91676E-04     2.8983660
2.91893E-04     2.8921740
2.92111E-04     2.8745260
2.92322E-04     2.8578060
2.92538E-04     2.8522220
2.92554E-04     2.8522020
2.92777E-04     2.8569860
2.93063E-04     2.8758170
2.93254E-04     2.8886370
2.93509E-04     2.8957540
2.93891E-04     2.8972180
2.95036E-04     2.8936830
2.95609E-04     2.8841590
2.95864E-04     2.8732110
2.96214E-04     2.8498500
2.96492E-04     2.8443950
2.96842E-04     2.8435560
2.97331E-04     2.8461860
2.97787E-04     2.8572690
2.97852E-04     2.8574090
2.98113E-04     2.8519940
2.98439E-04     2.8417440
2.98933E-04     2.8395280
2.99403E-04     2.8413700
2.99700E-04     2.8499420
2.99997E-04     2.8602890
3.00393E-04     2.8643550
3.01036E-04     2.8598950
3.01643E-04     2.8507210
3.02039E-04     2.8499910
3.02828E-04     2.8520210
3.03815E-04     2.8648770
3.04999E-04     2.8702250
3.05394E-04     2.8704930
3.07170E-04     2.8649420
3.08266E-04     2.8580180
3.08846E-04     2.8549850
3.09292E-04     2.8404280
3.09421E-04     2.8395800
3.09679E-04     2.8425700
3.09872E-04     2.8518900
3.10194E-04     2.8796140
3.10452E-04     2.8908480
3.10646E-04     2.8931600
3.10839E-04     2.8872180
3.10984E-04     2.8719640
3.11163E-04     2.8398320
3.11336E-04     2.8088960
3.11451E-04     2.7958460
3.11528E-04     2.7917580
3.11605E-04     2.7916080
3.11682E-04     2.7954260
3.11758E-04     2.8030830
3.11912E-04     2.8279950
3.12066E-04     2.8570350
3.12220E-04     2.8775920
3.12373E-04     2.8863840
3.12527E-04     2.8884970
3.12911E-04     2.8848270
3.13103E-04     2.8768700
3.13218E-04     2.8656640
3.13506E-04     2.8233030
3.13667E-04     2.8109810
3.13919E-04     2.8050780
3.13990E-04     2.8048180
3.14248E-04     2.8079480
3.14388E-04     2.8145170
3.14482E-04     2.8228910
3.14576E-04     2.8357410
3.14763E-04     2.8681900
3.14857E-04     2.8798540
3.14951E-04     2.8865730
3.15138E-04     2.8918960
3.15420E-04     2.8936400
3.15795E-04     2.8911260
3.16029E-04     2.8823620
3.16170E-04     2.8687930
3.16381E-04     2.8453650
3.16569E-04     2.8365010
3.17018E-04     2.8331600
3.17407E-04     2.8353910
3.17615E-04     2.8421500
3.17926E-04     2.8651280
3.18133E-04     2.8742890
3.18756E-04     2.8842760
3.20216E-04     2.8911100
3.21080E-04     2.8918940
3.22350E-04     2.8876030
3.22784E-04     2.8790180
3.23121E-04     2.8592980
3.23383E-04     2.8477830
3.23727E-04     2.8444120
3.24047E-04     2.8480300
3.24222E-04     2.8556160
3.24571E-04     2.8861300
3.24746E-04     2.8926790
3.24891E-04     2.8881230
3.25066E-04     2.8695400
3.25263E-04     2.8486340
3.25470E-04     2.8390430
3.25686E-04     2.8367190
3.25940E-04     2.8400980
3.26143E-04     2.8509240
3.26448E-04     2.8817580
3.26651E-04     2.8925240
3.27159E-04     2.8985540
3.29917E-04     2.9026930
3.32503E-04     2.8995850
3.33098E-04     2.8936420
3.33296E-04     2.8866030
3.33445E-04     2.8725560
3.33593E-04     2.8460880
3.33742E-04     2.8193800
3.33875E-04     2.8053740
3.34084E-04     2.7968000
3.34331E-04     2.7947550
3.34609E-04     2.7978150
3.34794E-04     2.8065080
3.34918E-04     2.8189190
3.35103E-04     2.8445890
3.35227E-04     2.8554550
3.35289E-04     2.8573290
3.35443E-04     2.8529920
3.35752E-04     2.8306610
3.36046E-04     2.8240600
3.36324E-04     2.8231430
3.36756E-04     2.8259930
3.37003E-04     2.8357520
3.37250E-04     2.8497280
3.37311E-04     2.8504360
3.37435E-04     2.8459790
3.37589E-04     2.8293000
3.37774E-04     2.8077770
3.37955E-04     2.7979370
3.38322E-04     2.7937290
3.38672E-04     2.7969380
3.38828E-04     2.8043050
3.39042E-04     2.8213520
3.39217E-04     2.8239730
3.39628E-04     2.8232750
3.40116E-04     2.8259350
3.40237E-04     2.8292750
3.40359E-04     2.8357440
3.40724E-04     2.8597790
3.40967E-04     2.8655410
3.41454E-04     2.8688790
3.42246E-04     2.8639830
3.42611E-04     2.8546910
3.43006E-04     2.8361480
3.43437E-04     2.8320000
3.43531E-04     2.8319200
3.43955E-04     2.8340330
3.44143E-04     2.8395550
3.44237E-04     2.8455660
3.44425E-04     2.8658730
3.44613E-04     2.8853320
3.44707E-04     2.8907750
3.44896E-04     2.8963470
3.45649E-04     2.9007720
3.46647E-04     2.9010690
3.48800E-04     2.8981850
3.49483E-04     2.8906670
3.49746E-04     2.8810170
3.50154E-04     2.8515280
3.50415E-04     2.8448180
3.50714E-04     2.8434520
3.51101E-04     2.8460440
3.51332E-04     2.8546570
3.51719E-04     2.8841440
3.51950E-04     2.8899560
3.52028E-04     2.8899760
3.52182E-04     2.8863370
3.52298E-04     2.8778830
3.52588E-04     2.8403100
3.52752E-04     2.8291740
3.53062E-04     2.8236010
3.53220E-04     2.8232020
3.53600E-04     2.8264320
3.53727E-04     2.8308680
3.53853E-04     2.8396900
3.54107E-04     2.8684300
3.54234E-04     2.8769830
3.54360E-04     2.8765940
3.54487E-04     2.8656580
3.54709E-04     2.8384230
3.54879E-04     2.8288720
3.55257E-04     2.8243560
3.55334E-04     2.8242660
3.55679E-04     2.8260600
3.55832E-04     2.8294700
3.55985E-04     2.8372650
3.56138E-04     2.8505840
3.56571E-04     2.8756950
3.57004E-04     2.8821640
3.57870E-04     2.8852540
3.58736E-04     2.8810060
3.59277E-04     2.8711760
3.59824E-04     2.8495730
3.60408E-04     2.8458250
3.60793E-04     2.8462830
3.60985E-04     2.8435110
3.61082E-04     2.8341600
3.61158E-04     2.8168740
3.61255E-04     2.7827210
3.61370E-04     2.7410500
3.61457E-04     2.7195570
3.61565E-04     2.7039460
3.61694E-04     2.6959610
3.61737E-04     2.6950930
3.61823E-04     2.6956220
3.61910E-04     2.6992300
3.61996E-04     2.7065270
3.62169E-04     2.7371320
3.62342E-04     2.7946030
3.62687E-04     2.8838640
3.63033E-04     2.8957670
3.64069E-04     2.9000930
3.65034E-04     2.9007910
3.67207E-04     2.8969520
3.67569E-04     2.8927950
3.67750E-04     2.8854670
3.67931E-04     2.8687590
3.68173E-04     2.8435580
3.68377E-04     2.8334190
3.68586E-04     2.8307180
3.68854E-04     2.8356520
3.68973E-04     2.8425710
3.69092E-04     2.8541150
3.69331E-04     2.8842510
3.69510E-04     2.8957450
3.69689E-04     2.8978280
3.69928E-04     2.8931130
3.70137E-04     2.8783190
3.70398E-04     2.8552910
3.70638E-04     2.8462590
3.70861E-04     2.8445940
3.71107E-04     2.8477250
3.71229E-04     2.8524300
3.71475E-04     2.8713510
3.71597E-04     2.8817780
3.71720E-04     2.8890660
3.71965E-04     2.8959240
3.72990E-04     2.9017260
3.73566E-04     2.9020750
3.74431E-04     2.8999020
3.74611E-04     2.8934920
3.74720E-04     2.8822770
3.74827E-04     2.8609840
3.74945E-04     2.8260130
3.75128E-04     2.7662490
3.75240E-04     2.7398410
3.75351E-04     2.7236520
3.75447E-04     2.7172620
3.75478E-04     2.7165340
3.75542E-04     2.7171120
3.75606E-04     2.7204320
3.75670E-04     2.7266130
3.75733E-04     2.7358340
3.75797E-04     2.7482550
3.75925E-04     2.7821000
3.76052E-04     2.8219360
3.76179E-04     2.8552320
3.76243E-04     2.8665070
3.76307E-04     2.8740530
3.76434E-04     2.8804240
3.76562E-04     2.8786290
3.76721E-04     2.8671850
3.76976E-04     2.8431000
3.77198E-04     2.8340180
3.77874E-04     2.8272800
3.78047E-04     2.8161350
3.78255E-04     2.7999550
3.78459E-04     2.7945120
3.78505E-04     2.7942730
3.78731E-04     2.7967950
3.78913E-04     2.8053190
3.79004E-04     2.8135930
3.79095E-04     2.8255860
3.79367E-04     2.8706250
3.79548E-04     2.8860080
3.79729E-04     2.8917300
3.80637E-04     2.8984890
3.81000E-04     2.8990580
3.81696E-04     2.8957090
3.81870E-04     2.8881030
3.82001E-04     2.8743850
3.82262E-04     2.8361650
3.82430E-04     2.8221380
3.82688E-04     2.8147020
3.82798E-04     2.8140940
3.83018E-04     2.8161280
3.83238E-04     2.8251000
3.83403E-04     2.8404620
3.83623E-04     2.8672390
3.83733E-04     2.8746160
3.83788E-04     2.8757620
3.83954E-04     2.8704890
3.84276E-04     2.8511990
3.84580E-04     2.8452480
3.84663E-04     2.8449690
3.84951E-04     2.8475510
3.85199E-04     2.8581190
3.85446E-04     2.8806490
3.85611E-04     2.8925520
3.85828E-04     2.8975860
3.85900E-04     2.8977660
3.86044E-04     2.8966000
3.86189E-04     2.8925130
3.86395E-04     2.8781970
3.86704E-04     2.8500750
3.86808E-04     2.8442930
3.87014E-04     2.8387810
3.87220E-04     2.8394590
3.87426E-04     2.8463080
3.87839E-04     2.8769630
3.88045E-04     2.8874700
3.88354E-04     2.8919870
3.88457E-04     2.8921460
3.88870E-04     2.8882690
3.89076E-04     2.8782400
3.89283E-04     2.8550030
3.89476E-04     2.8340480
3.89684E-04     2.8235410
3.90020E-04     2.8198130
3.90325E-04     2.8236320
3.90508E-04     2.8322250
3.90813E-04     2.8607170
3.90935E-04     2.8657420
3.91087E-04     2.8606870
3.91362E-04     2.8473890
3.91823E-04     2.8429040
3.92000E-04     2.8427740
3.92533E-04     2.8454570
3.93155E-04     2.8615480
3.93422E-04     2.8628240
3.93911E-04     2.8575310
3.94344E-04     2.8487690
3.94876E-04     2.8472650
3.95519E-04     2.8497980
3.95821E-04     2.8597180
3.96048E-04     2.8690990
3.96199E-04     2.8705450
3.96388E-04     2.8644440
3.96690E-04     2.8493710
3.97155E-04     2.8449260
3.97368E-04     2.8447770
3.97938E-04     2.8472400
3.98365E-04     2.8603600
3.98649E-04     2.8658340
3.99219E-04     2.8685560
4.00785E-04     2.8636150
4.02065E-04     2.8593600
4.02829E-04     2.8614760
4.03150E-04     2.8693320
4.03392E-04     2.8790120
4.03472E-04     2.8801690
4.03633E-04     2.8742480
4.03874E-04     2.8600420
4.04218E-04     2.8544800
4.04663E-04     2.8537540
4.05474E-04     2.8553800
4.05637E-04     2.8515030
4.05826E-04     2.8357120
4.06026E-04     2.8185160
4.06248E-04     2.8108400
4.06399E-04     2.8097840
4.06652E-04     2.8147890
4.06804E-04     2.8253270
4.07045E-04     2.8485250
4.07250E-04     2.8565010
4.08065E-04     2.8588260
4.08346E-04     2.8557660
4.08694E-04     2.8437340
4.09184E-04     2.8410840
4.09735E-04     2.8437270
4.09845E-04     2.8461800
4.10285E-04     2.8684720
4.10506E-04     2.8753810
4.11056E-04     2.8806160
4.11552E-04     2.8771180
4.11828E-04     2.8673690
4.12158E-04     2.8514200
4.12558E-04     2.8465460
4.12763E-04     2.8462280
4.13277E-04     2.8488410
4.13483E-04     2.8548330
4.13894E-04     2.8787200
4.14203E-04     2.8855200
4.14512E-04     2.8871460
4.14974E-04     2.8830800
4.15128E-04     2.8765800
4.15283E-04     2.8613980
4.15437E-04     2.8353190
4.15627E-04     2.8028000
4.15772E-04     2.7873280
4.15967E-04     2.7776990
4.16142E-04     2.7756960
4.16374E-04     2.7806510
4.16490E-04     2.7878790
4.16606E-04     2.8004010
4.16722E-04     2.8195620
4.16896E-04     2.8547930
4.17012E-04     2.8712930
4.17070E-04     2.8751410
4.17128E-04     2.8760380
4.17273E-04     2.8682930
4.17534E-04     2.8450950
4.17767E-04     2.8351170
4.18068E-04     2.8321270
4.18403E-04     2.8363450
4.18604E-04     2.8464150
4.18805E-04     2.8665730
4.19006E-04     2.8871900
4.19207E-04     2.8957040
4.19274E-04     2.8960230
4.19441E-04     2.8912990
4.19870E-04     2.8583620
4.20137E-04     2.8500180
4.20339E-04     2.8488030
4.20608E-04     2.8518840
4.20877E-04     2.8627620
4.21147E-04     2.8792710
4.21326E-04     2.8853130
4.21506E-04     2.8858820
4.21865E-04     2.8776490
4.22224E-04     2.8679400
4.22403E-04     2.8679110
4.23121E-04     2.8806440
4.23839E-04     2.8866980
4.24198E-04     2.8875270
4.24916E-04     2.8846880
4.25185E-04     2.8775410
4.25670E-04     2.8460800
4.25955E-04     2.8393620
4.26121E-04     2.8386350
4.26370E-04     2.8407790
4.26496E-04     2.8441790
4.26623E-04     2.8505100
4.26875E-04     2.8747460
4.27127E-04     2.8936790
4.27380E-04     2.8958430
4.28518E-04     2.8825090
4.29583E-04     2.8658940
4.30073E-04     2.8641310
4.30911E-04     2.8681620
4.32048E-04     2.8811970
4.32174E-04     2.8815560
4.32455E-04     2.8777090
4.32622E-04     2.8664250
4.32777E-04     2.8456990
4.33021E-04     2.8062210
4.33177E-04     2.7895830
4.33294E-04     2.7837910
4.33372E-04     2.7830840
4.33528E-04     2.7892850
4.33684E-04     2.8061440
4.33996E-04     2.8603690
4.34153E-04     2.8798700
4.34309E-04     2.8886240
4.34621E-04     2.8915860
4.36494E-04     2.8824030
4.37118E-04     2.8739910
4.37313E-04     2.8639130
4.37469E-04     2.8457490
4.37742E-04     2.8040980
4.37908E-04     2.7890950
4.38125E-04     2.7809310
4.38298E-04     2.7794960
4.38529E-04     2.7804740
4.38681E-04     2.7767760
4.38789E-04     2.7656700
4.39044E-04     2.7203600
4.39147E-04     2.7095240
4.39269E-04     2.7055070
4.39392E-04     2.7107010
4.39473E-04     2.7197640
4.39555E-04     2.7341300
4.39678E-04     2.7663620
4.39841E-04     2.8175560
4.39933E-04     2.8384530
4.40035E-04     2.8510050
4.40197E-04     2.8572960
4.41193E-04     2.8598130
4.41467E-04     2.8652480
4.41948E-04     2.8905930
4.42291E-04     2.8949310
4.42440E-04     2.8950520
4.42978E-04     2.8948550
4.44099E-04     2.8958280
4.44548E-04     2.8933080
4.45221E-04     2.8792240
4.45670E-04     2.8684890
4.46118E-04     2.8622000
4.47465E-04     2.8585590
4.49035E-04     2.8544790
4.49792E-04     2.8471260
4.50369E-04     2.8466000
4.50658E-04     2.8466220
4.50995E-04     2.8439420
4.51115E-04     2.8350100
4.51199E-04     2.8194570
4.51290E-04     2.7915330
4.51464E-04     2.7256540
4.51560E-04     2.6985270
4.51655E-04     2.6804820
4.51750E-04     2.6698850
4.51894E-04     2.6648210
4.52037E-04     2.6711030
4.52133E-04     2.6820900
4.52228E-04     2.6993480
4.52324E-04     2.7232960
4.52515E-04     2.7842310
4.52611E-04     2.8122270
4.52706E-04     2.8329050
4.52897E-04     2.8529950
4.53088E-04     2.8584490
4.53757E-04     2.8605660
4.54811E-04     2.8600340
4.55551E-04     2.8626000
4.55775E-04     2.8698000
4.56123E-04     2.8879760
4.56508E-04     2.8928540
4.56807E-04     2.8890670
4.57235E-04     2.8647730
4.57600E-04     2.8598600
4.57992E-04     2.8593140
4.58340E-04     2.8594350
4.58688E-04     2.8562670
4.59088E-04     2.8424210
4.59426E-04     2.8399010
4.59727E-04     2.8420460
4.59877E-04     2.8458550
4.60027E-04     2.8538120
4.60328E-04     2.8828160
4.60403E-04     2.8872130
4.60478E-04     2.8884800
4.60628E-04     2.8832660
4.60929E-04     2.8652030
4.61252E-04     2.8588740
4.61822E-04     2.8576900
4.62190E-04     2.8578120
4.62497E-04     2.8544840
4.62853E-04     2.8412460
4.63218E-04     2.8386860
4.63602E-04     2.8409310
4.63755E-04     2.8447300
4.63909E-04     2.8529260
4.64216E-04     2.8770950
4.64523E-04     2.8822910
4.64830E-04     2.8801590
4.65137E-04     2.8714080
4.65444E-04     2.8570730
4.65751E-04     2.8504040
4.66058E-04     2.8492690
4.66365E-04     2.8518830
4.66672E-04     2.8635300
4.66979E-04     2.8879780
4.67286E-04     2.9005220
4.68200E-04     2.9037870
4.69155E-04     2.9039520
4.72466E-04     2.9018770
4.72730E-04     2.8956670
4.72884E-04     2.8837340
4.73044E-04     2.8603650
4.73339E-04     2.8050820
4.73465E-04     2.7891800
4.73592E-04     2.7815340
4.73623E-04     2.7809760
4.73750E-04     2.7840870
4.73876E-04     2.7956730
4.74002E-04     2.8148960
4.74255E-04     2.8625050
4.74381E-04     2.8807510
4.74508E-04     2.8919880
4.74697E-04     2.8992470
4.75481E-04     2.9028710
4.75902E-04     2.9030930
4.78115E-04     2.8993860
4.78539E-04     2.8938050
4.78751E-04     2.8836670
4.79149E-04     2.8491320
4.79399E-04     2.8395420
4.79757E-04     2.8365430
4.80059E-04     2.8385680
4.80210E-04     2.8420190
4.80511E-04     2.8600770
4.80813E-04     2.8858020
4.81115E-04     2.8957440
4.82020E-04     2.9001950
4.82321E-04     2.9002070
4.83227E-04     2.8959850
4.83453E-04     2.8907610
4.83604E-04     2.8816590
4.83754E-04     2.8634940
4.83962E-04     2.8256880
4.84180E-04     2.7842030
4.84335E-04     2.7647310
4.84526E-04     2.7527280
4.84693E-04     2.7494690
4.84931E-04     2.7538370
4.85026E-04     2.7592410
4.85122E-04     2.7675870
4.85217E-04     2.7796120
4.85312E-04     2.7956550
4.85503E-04     2.8352280
4.85693E-04     2.8713320
4.85884E-04     2.8905360
4.86170E-04     2.8980350
4.86933E-04     2.9003920
4.88210E-04     2.8998210
4.91659E-04     2.9035790
4.93290E-04     2.9005070
4.93591E-04     2.8930410
4.94031E-04     2.8634700
4.94338E-04     2.8560840
4.94762E-04     2.8544710
4.95163E-04     2.8548420
4.95386E-04     2.8516530
4.95565E-04     2.8384430
4.95770E-04     2.8230790
4.96069E-04     2.8163010
4.96293E-04     2.8155640
4.96592E-04     2.8176790
4.96741E-04     2.8212500
4.96891E-04     2.8287380
4.97190E-04     2.8628890
4.97488E-04     2.8878670
4.97787E-04     2.8890450
4.99131E-04     2.8727010
5.00102E-04     2.8616390
5.00140E-04     2.8548990
5.00651E-04     2.8484600
5.01102E-04     2.8478650
5.01823E-04     2.8512880
5.02184E-04     2.8585190
5.02256E-04     2.8585990
5.03278E-04     2.8562020
5.04451E-04     2.8586310
5.05234E-04     2.8626730
5.06290E-04     2.8589000
5.06955E-04     2.8615260
5.07221E-04     2.8693740
5.07620E-04     2.8952200
5.07886E-04     2.9012340
5.08019E-04     2.9016940
5.08886E-04     2.8961050
5.09313E-04     2.8848100
5.09779E-04     2.8681410
5.10228E-04     2.8639960
5.10729E-04     2.8681270
5.11520E-04     2.8921210
5.12250E-04     2.8987150
5.13815E-04     2.9013860
5.14475E-04     2.8982680
5.14640E-04     2.8919480
5.14805E-04     2.8765540
5.15094E-04     2.8392040
5.15291E-04     2.8253760
5.15567E-04     2.8186770
5.15695E-04     2.8180190
5.16035E-04     2.8221090
5.16248E-04     2.8334270
5.16493E-04     2.8525920
5.16648E-04     2.8553550
5.17275E-04     2.8534240
5.17828E-04     2.8558100
5.18192E-04     2.8586140
5.18687E-04     2.8581980
5.19370E-04     2.8615520
5.19814E-04     2.8745860
5.19967E-04     2.8695910
5.20243E-04     2.8528910
5.20589E-04     2.8462130
5.20865E-04     2.8453470
5.21356E-04     2.8484500
5.21602E-04     2.8554910
5.21971E-04     2.8731120
5.22216E-04     2.8801130
5.23076E-04     2.8895500
5.23568E-04     2.8917060
5.23844E-04     2.8884570
5.24036E-04     2.8773900
5.24456E-04     2.8323930
5.24674E-04     2.8199100
5.24892E-04     2.8170600
5.25110E-04     2.8224950
5.25327E-04     2.8366250
5.25542E-04     2.8541850
5.25685E-04     2.8585530
5.25792E-04     2.8525910
5.25899E-04     2.8364190
5.26030E-04     2.8043320
5.26238E-04     2.7457530
5.26362E-04     2.7187920
5.26446E-04     2.7060790
5.26529E-04     2.6975140
5.26612E-04     2.6928480
5.26696E-04     2.6919110
5.26779E-04     2.6948030
5.26862E-04     2.7019430
5.26945E-04     2.7140090
5.27028E-04     2.7316780
5.27174E-04     2.7744650
5.27299E-04     2.8100020
5.27389E-04     2.8261760
5.27506E-04     2.8350210
5.27637E-04     2.8367970
5.28352E-04     2.8343770
5.28542E-04     2.8268100
5.28733E-04     2.7965890
5.28924E-04     2.7512910
5.29115E-04     2.7269220
5.29210E-04     2.7244400
5.29305E-04     2.7273120
5.29400E-04     2.7353090
5.29496E-04     2.7486710
5.29591E-04     2.7676770
5.29686E-04     2.7916480
5.29877E-04     2.8445160
5.29972E-04     2.8657650
5.30067E-04     2.8803530
5.30187E-04     2.8899260
5.30330E-04     2.8928090
5.30625E-04     2.8861600
5.31127E-04     2.8712850
5.31394E-04     2.8685540
5.31795E-04     2.8735020
5.32196E-04     2.8830170
5.32464E-04     2.8845240
5.34069E-04     2.8740030
5.38283E-04     2.8634750
5.38685E-04     2.8582820
5.38852E-04     2.8496280
5.39002E-04     2.8326870
5.39162E-04     2.8035220
5.39398E-04     2.7550920
5.39538E-04     2.7350300
5.39655E-04     2.7259570
5.39748E-04     2.7239330
5.39888E-04     2.7298670
5.40029E-04     2.7474070
5.40169E-04     2.7762350
5.40356E-04     2.8189140
5.40473E-04     2.8361150
5.40613E-04     2.8450400
5.41124E-04     2.8481530
5.41688E-04     2.8560240
5.42197E-04     2.8616300
5.42413E-04     2.8618910
5.42910E-04     2.8588620
5.43131E-04     2.8490610
5.43512E-04     2.8198270
5.43700E-04     2.8125290
5.43850E-04     2.8108540
5.44075E-04     2.8147440
5.44150E-04     2.8180850
5.44301E-04     2.8290150
5.44451E-04     2.8465650
5.44601E-04     2.8679650
5.44752E-04     2.8848270
5.44902E-04     2.8933330
5.45203E-04     2.8987100
5.46633E-04     2.9021670
5.46895E-04     2.9021790
5.48872E-04     2.8990280
5.49156E-04     2.8930560
5.49333E-04     2.8806130
5.49527E-04     2.8546580
5.49733E-04     2.8272770
5.49926E-04     2.8129790
5.50163E-04     2.8060000
5.50341E-04     2.8046650
5.50638E-04     2.8076380
5.50875E-04     2.8176900
5.50993E-04     2.8275130
5.51349E-04     2.8707710
5.51586E-04     2.8868270
5.51823E-04     2.8924220
5.52771E-04     2.8975720
5.53156E-04     2.8935160
5.53379E-04     2.8819000
5.53804E-04     2.8442590
5.54037E-04     2.8333020
5.54223E-04     2.8315670
5.54316E-04     2.8328440
5.54502E-04     2.8396360
5.54771E-04     2.8585530
5.55041E-04     2.8783780
5.55242E-04     2.8831460
5.55377E-04     2.8785100
5.55579E-04     2.8599140
5.55791E-04     2.8379670
5.56015E-04     2.8247360
5.56270E-04     2.8194120
5.56373E-04     2.8189640
5.56679E-04     2.8225060
5.56883E-04     2.8314310
5.57088E-04     2.8499000
5.57292E-04     2.8744710
5.57497E-04     2.8898580
5.57804E-04     2.8941180
5.58519E-04     2.8890560
5.58673E-04     2.8829540
5.58852E-04     2.8665210
5.59094E-04     2.8402370
5.59313E-04     2.8274150
5.59635E-04     2.8211940
5.59804E-04     2.8205670
5.60196E-04     2.8238690
5.60420E-04     2.8310700
5.60756E-04     2.8499080
5.60979E-04     2.8578270
5.61540E-04     2.8616690
5.62044E-04     2.8619010
5.63971E-04     2.8600660
5.64237E-04     2.8528770
5.64482E-04     2.8350990
5.64701E-04     2.8155350
5.64810E-04     2.8087650
5.64919E-04     2.8056140
5.65083E-04     2.8081980
5.65492E-04     2.8333290
5.65547E-04     2.8344260
5.65670E-04     2.8304680
5.65779E-04     2.8181330
5.65951E-04     2.7860050
5.66135E-04     2.7507350
5.66279E-04     2.7317700
5.66402E-04     2.7222270
5.66567E-04     2.7177410
5.66731E-04     2.7218500
5.66895E-04     2.7352930
5.66977E-04     2.7459430
5.67142E-04     2.7747030
5.67306E-04     2.8074510
5.67470E-04     2.8332090
5.67635E-04     2.8473500
5.67799E-04     2.8534830
5.68456E-04     2.8588610
5.70263E-04     2.8649730
5.70817E-04     2.8541270
5.71907E-04     2.8528260
5.72764E-04     2.8529800
5.73192E-04     2.8526530
5.73664E-04     2.8569030
5.74274E-04     2.8715050
5.74680E-04     2.8738500
5.75186E-04     2.8701030
5.75465E-04     2.8604020
5.75642E-04     2.8452160
5.75950E-04     2.8074130
5.76137E-04     2.7945500
5.76409E-04     2.7876210
5.76614E-04     2.7866250
5.76886E-04     2.7890990
5.77158E-04     2.7987530
5.77430E-04     2.8152680
5.77498E-04     2.8163960
5.77566E-04     2.8139030
5.77669E-04     2.8012790
5.77788E-04     2.7739760
5.77975E-04     2.7251240
5.78103E-04     2.7014610
5.78243E-04     2.6862440
5.78399E-04     2.6777090
5.78617E-04     2.6742100
5.78820E-04     2.6790470
5.78968E-04     2.6913430
5.79125E-04     2.7148580
5.79304E-04     2.7418730
5.79460E-04     2.7540800
5.79684E-04     2.7593560
5.80310E-04     2.7651630
5.80489E-04     2.7723830
5.80668E-04     2.7893570
5.80847E-04     2.8194330
5.81205E-04     2.8663540
5.81563E-04     2.8710820
5.82278E-04     2.8710160
5.83352E-04     2.8735940
5.83889E-04     2.8769270
5.84068E-04     2.8709650
5.84336E-04     2.8517600
5.84627E-04     2.8438540
5.85544E-04     2.8417640
5.86454E-04     2.8432340
5.87060E-04     2.8474150
5.87464E-04     2.8428800
5.87717E-04     2.8312240
5.88080E-04     2.8068930
5.88391E-04     2.7988970
5.88784E-04     2.7970540
5.89234E-04     2.8003970
5.89459E-04     2.8092530
5.89811E-04     2.8402190
5.90040E-04     2.8454650
5.90247E-04     2.8458050
5.90523E-04     2.8457670
5.91296E-04     2.8469770
5.91517E-04     2.8496810
5.91738E-04     2.8578890
5.92180E-04     2.8891040
5.92400E-04     2.8935030
5.92511E-04     2.8935240
5.92898E-04     2.8874130
5.93146E-04     2.8753170
5.93367E-04     2.8545160
5.93632E-04     2.8280710
5.93862E-04     2.8154370
5.94188E-04     2.8095750
5.94247E-04     2.8093660
5.94604E-04     2.8127380
5.94722E-04     2.8164890
5.94959E-04     2.8320760
5.95434E-04     2.8871660
5.95671E-04     2.8978870
5.96265E-04     2.9026370
5.96502E-04     2.9028570
5.96917E-04     2.8996680
5.97125E-04     2.8899660
5.97281E-04     2.8736120
5.97493E-04     2.8386500
5.97704E-04     2.8032990
5.97872E-04     2.7846220
5.97998E-04     2.7780810
5.98040E-04     2.7773630
5.98148E-04     2.7788490
5.98257E-04     2.7851520
5.98365E-04     2.7962020
5.98473E-04     2.8115000
5.98690E-04     2.8492970
5.98906E-04     2.8810700
5.99123E-04     2.8966480
5.99340E-04     2.9016550
6.00036E-04     2.9035930
6.00300E-04     2.9034740
6.00563E-04     2.9037150
6.03132E-04     2.9007460
6.03495E-04     2.8945550
6.03659E-04     2.8831270
6.03775E-04     2.8665630
6.03898E-04     2.8381720
6.04200E-04     2.7476040
6.04312E-04     2.7214860
6.04452E-04     2.6991890
6.04592E-04     2.6866040
6.04760E-04     2.6812590
6.04929E-04     2.6850300
6.05041E-04     2.6930680
6.05153E-04     2.7065710
6.05265E-04     2.7266260
6.05378E-04     2.7537720
6.05602E-04     2.8195120
6.05714E-04     2.8476950
6.05826E-04     2.8676100
6.06050E-04     2.8861800
6.06387E-04     2.8924450
6.06612E-04     2.8931440
6.07004E-04     2.8896350
6.07173E-04     2.8810500
6.07313E-04     2.8643560
6.07631E-04     2.8054000
6.07785E-04     2.7873210
6.07986E-04     2.7760830
6.08364E-04     2.7704900
6.08414E-04     2.7704000
6.08817E-04     2.7741220
6.09207E-04     2.7861510
6.09372E-04     2.7801380
6.09638E-04     2.7666460
6.10019E-04     2.7612530
6.10074E-04     2.7612130
6.10401E-04     2.7642760
6.10619E-04     2.7720560
6.10728E-04     2.7795760
6.10837E-04     2.7907160
6.11055E-04     2.8230080
6.11274E-04     2.8521690
6.11492E-04     2.8660620
6.11819E-04     2.8733230
6.12037E-04     2.8743910
6.12255E-04     2.8699450
6.12419E-04     2.8573200
6.12726E-04     2.8196550
6.12917E-04     2.8074000
6.13245E-04     2.8010980
6.13588E-04     2.7999930
6.14087E-04     2.8023990
6.14336E-04     2.8087520
6.14585E-04     2.8258670
6.14835E-04     2.8499320
6.15084E-04     2.8630470
6.15334E-04     2.8683040
6.16332E-04     2.8759680
6.18078E-04     2.8787780
6.19824E-04     2.8749870
6.20198E-04     2.8682270
6.20354E-04     2.8577460
6.20479E-04     2.8406840
6.20650E-04     2.8044440
6.20818E-04     2.7692110
6.20965E-04     2.7487970
6.21153E-04     2.7353950
6.21447E-04     2.7282750
6.21607E-04     2.7275980
6.21929E-04     2.7314690
6.22143E-04     2.7418210
6.22303E-04     2.7587960
6.22490E-04     2.7817340
6.22619E-04     2.7868910
6.22639E-04     2.7869600
6.23245E-04     2.7807300
6.23325E-04     2.7806710
6.23722E-04     2.7836640
6.23881E-04     2.7880330
6.24040E-04     2.7970690
6.24199E-04     2.8141430
6.24437E-04     2.8505650
6.24556E-04     2.8628020
6.24636E-04     2.8656350
6.24755E-04     2.8605890
6.24874E-04     2.8446140
6.25127E-04     2.7993180
6.25282E-04     2.7824450
6.25493E-04     2.7718850
6.25892E-04     2.7670790
6.25939E-04     2.7670500
6.26315E-04     2.7705120
6.26503E-04     2.7771550
6.26691E-04     2.7922750
6.27066E-04     2.8494110
6.27254E-04     2.8644410
6.27442E-04     2.8677820
6.27677E-04     2.8637050
6.27888E-04     2.8511000
6.28290E-04     2.8149300
6.28537E-04     2.8035320
6.28904E-04     2.7991560
6.29243E-04     2.8038150
6.29356E-04     2.8082430
6.29582E-04     2.8255470
6.29808E-04     2.8559360
6.30033E-04     2.8832230
6.30485E-04     2.8975060
6.33252E-04     2.9011190
6.35128E-04     2.8970990
6.35789E-04     2.8903000
6.36083E-04     2.8803690
6.36349E-04     2.8595460
6.36620E-04     2.8371180
6.36880E-04     2.8264380
6.37270E-04     2.8224210
6.37617E-04     2.8254640
6.37876E-04     2.8350890
6.38050E-04     2.8486040
6.38310E-04     2.8757220
6.38483E-04     2.8873610
6.38656E-04     2.8911020
6.38873E-04     2.8873430
6.39067E-04     2.8743890
6.39478E-04     2.8299910
6.39690E-04     2.8167670
6.39952E-04     2.8111930
6.40214E-04     2.8145260
6.40345E-04     2.8200610
6.40476E-04     2.8291670
6.40607E-04     2.8423820
6.40934E-04     2.8814980
6.41130E-04     2.8937260
6.41326E-04     2.8967190
6.41638E-04     2.8917540
6.41992E-04     2.8743020
6.42317E-04     2.8571100
6.42534E-04     2.8518160
6.42752E-04     2.8528940
6.42969E-04     2.8603750
6.43512E-04     2.8923010
6.43838E-04     2.9005600
6.44055E-04     2.9014690
6.44517E-04     2.8972720
6.44734E-04     2.8868810
6.44914E-04     2.8672850
6.45269E-04     2.8121750
6.45425E-04     2.7955000
6.45581E-04     2.7871040
6.45685E-04     2.7859270
6.45790E-04     2.7882220
6.45894E-04     2.7940760
6.46050E-04     2.8097250
6.46389E-04     2.8584450
6.46532E-04     2.8700250
6.46623E-04     2.8718700
6.46846E-04     2.8649100
6.47196E-04     2.8509190
6.47404E-04     2.8489360
6.47612E-04     2.8526660
6.47923E-04     2.8686350
6.48131E-04     2.8826080
6.48338E-04     2.8934000
6.48754E-04     2.9004530
6.50000E-04     2.8941500
1.00000E-03     2.8942500
2.00000E-03     2.8942820
3.00000E-03     2.8943150
4.00000E-03     2.8943470
5.00000E-03     2.8943790
6.00000E-03     2.8944120
7.00000E-03     2.8944440
8.00000E-03     2.8944760
9.00000E-03     2.8945090
1.00000E-02     2.8945410
1.50000E-02     2.8947030
2.00000E-02     2.8948640
3.00000E-02     2.8951870
4.00000E-02     2.8955110
5.00000E-02     2.8958340
6.00000E-02     2.8959550
7.00000E-02     2.8960750
8.00000E-02     2.8961970
9.00000E-02     2.8963180
1.00000E-01     2.8949930
1.50000E-01     2.8973300
2.00000E-01     2.9028280
2.50000E-01     2.9085150
3.00000E-01     2.9143870
3.50000E-01     2.9204400
4.00000E-01     2.9266690
5.00000E-01     2.9396370
6.00000E-01     2.9539940
7.00000E-01     2.9682320
8.00000E-01     2.9830510
9.00000E-01     2.9981150
1.0000          3.0129330
1.2000          3.0442220
1.4000          3.0774340
1.6000          3.1126230
1.8000          3.1456310
2.0000          3.1754810
2.2000          3.2022560
2.4000          3.2283630
2.6000          3.2567870
2.8000          3.2870450
3.0000          3.3182740
3.5000          3.3796990
4.0000          3.4534280
4.5000          3.5304130
5.0000          3.6103740
5.5000          3.6859660
6.0000          3.7659210
6.5000          3.8490510
7.0000          3.9281210
7.5000          4.0024850
8.0000          4.0752530
8.5000          4.1534130
9.0000          4.2338250
9.5000          4.3129300
10.0000         4.3879960
10.5000         4.4580180
11.0000         4.5250900
11.5000         4.5912630
12.0000         4.6582010
12.5000         4.7287520
13.0000         4.8001940
13.5000         4.8691760
14.0000         4.9367810
14.5000         5.0032980
15.0000         5.0693260
15.5000         5.1351910
16.0000         5.2007390
16.5000         5.2658380
17.0000         5.3303770
17.5000         5.3942600
18.0000         5.4574010
18.5000         5.5197290
19.0000         5.5811810
19.5000         5.6417020
20.0000         5.7012490