1.000E-11     2.4298500
2.000E-07     2.4298500
3.000E-07     2.4338500
1.500E-06     2.4338500
2.040E-06     2.4058500
2.500E-06     2.4466500
3.610E-06     2.4496500
4.850E-06     2.3985000
6.390E-06     2.4209200
7.080E-06     2.4238300
8.790E-06     2.4178000
9.300E-06     2.4178000
1.016E-05     2.3987100
1.239E-05     2.4107700
1.545E-05     2.4109700
1.610E-05     2.4077500
1.667E-05     2.4178000
1.805E-05     2.4107700
1.930E-05     2.4087600
2.110E-05     2.4178000
2.295E-05     2.4238300
2.365E-05     2.4208200
2.555E-05     2.4258400
2.648E-05     2.4248300
3.086E-05     2.3838500
3.207E-05     2.4007500
3.352E-05     2.4096500
3.439E-05     2.4334500
3.520E-05     2.4205500
3.830E-05     2.4155500
3.941E-05     2.3927500
4.460E-05     2.3581500
5.126E-05     2.4185500
5.222E-05     2.4433500
5.345E-05     2.4561500
5.506E-05     2.4185500
5.868E-05     2.3590500
7.240E-05     2.4324500
7.457E-05     2.3600500
1.000E-04     2.4338000
1.000E-03     2.4318100
2.250E-03     2.4275900
7.000E-03     2.4179700
2.000E-02     2.4173900
5.000E-02     2.4181000
6.000E-02     2.4192200
7.000E-02     2.4220000
8.000E-02     2.4308800
1.700E-01     2.4613800
2.000E-01     2.4686700
3.000E-01     2.4744700
4.000E-01     2.4784700
6.000E-01     2.4888000
7.000E-01     2.4980800
8.500E-01     2.5140800
9.000E-01     2.5186700
1.0000        2.5296900
1.2000        2.5498300
1.6000        2.5996700
1.8000        2.6233700
2.4000        2.6904800
2.6000        2.7205100
3.5000        2.8278200
4.0000        2.8927500
4.5000        2.9671000
5.0000        3.0453500
5.5000        3.1320000
6.0000        3.2225500
6.5000        3.3172000
7.0000        3.4054000
7.5000        3.4764100
8.0000        3.5446300
9.0000        3.6898300
9.5000        3.7611600
10.500        3.8992800
12.000        4.1010200
12.500        4.1696600
13.000        4.2411500
14.500        4.4622900
16.000        4.6901000
16.500        4.7637500
17.000        4.8334400
18.000        4.9648500
19.000        5.0901700
20.000        5.2151700